Mean over all sMapes = 35.2753232424266
sMape_1 = 27.4408318317949
sMape_2 = 27.74271161098246
sMape_3 = 39.285095585840075
sMape_4 = 42.02023008535942
sMape_5 = 49.739813416293146
sMape_6 = 47.9722224444045
sMape_7 = 26.616834515575228
sMape_8 = 45.154534309123825
sMape_9 = 28.10737798252218
sMape_10 = 27.99462798465936
sMape_11 = 37.266115816647385
sMape_12 = 31.779447326911956
sMape_13 = 31.722090281962256
sMape_14 = 27.060135026698955
sMape_15 = 43.296103450903374
sMape_16 = 38.11881417869754
sMape_17 = 40.42442810127714
sMape_18 = 37.46427894970215
sMape_19 = 42.192584661502096
sMape_20 = 25.218953936365367
sMape_21 = 26.052268241368477
sMape_22 = 26.04784627880029
sMape_23 = 48.39878139206999
sMape_24 = 40.11050694945131
sMape_25 = 30.81816577567341
sMape_26 = 29.672121037137444
sMape_27 = 28.986040519896523
sMape_28 = 36.59269757611217
sMape_29 = 38.06112068517375
sMape_30 = 53.38337559346735
sMape_31 = 33.811924442029195
sMape_32 = 35.444488396038274
sMape_33 = 44.08575424284104
sMape_34 = 33.86566511068963
sMape_35 = 49.210336176231614
sMape_36 = 48.29628699509902
sMape_37 = 56.95775895018376
sMape_38 = 28.956012553256294
sMape_39 = 28.802055398938247
sMape_40 = 28.151526050388405
sMape_41 = 45.11052443509869
sMape_42 = 32.828828722076025
sMape_43 = 26.40424995629967
sMape_44 = 34.15836782252528
sMape_45 = 37.14735492993541
sMape_46 = 27.573416208903843
sMape_47 = 27.44497376033496
sMape_48 = 44.76243819853263
sMape_49 = 37.80438316994558
sMape_50 = 37.1953938136262
sMape_51 = 37.181476537444006
sMape_52 = 53.76303621822054
sMape_53 = 26.13846119930981
sMape_54 = 34.32490156939657
sMape_55 = 30.711872441355
sMape_56 = 40.54001379453856
sMape_57 = 29.45176450942735
sMape_58 = 40.11779503989686
sMape_59 = 42.798887455255986
sMape_60 = 42.27702431027125
sMape_61 = 33.31150938543221
sMape_62 = 40.5615545974454
sMape_63 = 33.05812491977386
sMape_64 = 45.47194002982405
sMape_65 = 32.98305130967425
sMape_66 = 38.457490253055845
sMape_67 = 24.923517148165477
sMape_68 = 29.741955458968167
sMape_69 = 45.588973389852974
sMape_70 = 28.528774936254457
sMape_71 = 37.88148507730597
sMape_72 = 37.91837256435105
sMape_73 = 44.8066213236413
sMape_74 = 29.76981714507474
sMape_75 = 41.573714865875594
sMape_76 = 25.442107970598254
sMape_77 = 23.67702698993713
sMape_78 = 25.34008935770847
sMape_79 = 34.7150027746484
sMape_80 = 34.00739847400694
sMape_81 = 36.43589622213099
sMape_82 = 32.165512884003036
sMape_83 = 39.05728739317056
sMape_84 = 24.041931296880122
sMape_85 = 44.879863738152764
sMape_86 = 42.212850032155394
sMape_87 = 37.00689259408495
sMape_88 = 46.37858210207836
sMape_89 = 36.68031439075225
sMape_90 = 36.81152538307016
sMape_91 = 29.289546299829578
sMape_92 = 31.85686537742361
sMape_93 = 24.069967157093842
sMape_94 = 31.40739650550764
sMape_95 = 22.49038240710161
sMape_96 = 30.7023966693456
sMape_97 = 32.59737358303166
sMape_98 = 34.08892636268703
sMape_99 = 26.50414571100473
sMape_100 = 30.669271198559816
sMape_101 = 21.42405145849349
sMape_102 = 46.097989906123146
sMape_103 = 23.921097055435066
sMape_104 = 36.56617076564859
sMape_105 = 29.732105254756018
sMape_106 = 32.66875450551739
sMape_107 = 45.83130831098688
sMape_108 = 31.016872103059832
sMape_109 = 32.928687805259784
sMape_110 = 33.5226507632051
sMape_111 = 34.68860874674547
