Mean over all sMapes = 16.98460326001999
sMape_1 = 9.21039284273079
sMape_2 = 6.322037709761035
sMape_3 = 11.743871805695926
sMape_4 = 25.271125175138653
sMape_5 = 21.24168267548917
sMape_6 = 37.00229966151398
sMape_7 = 6.871288544542701
sMape_8 = 2.358904667732917
sMape_9 = 10.279689767982909
sMape_10 = 26.829980741240977
sMape_11 = 4.973291719265608
sMape_12 = 12.567137305011467
sMape_13 = 9.917208588337111
sMape_14 = 9.189342728064258
sMape_15 = 17.694342930543097
sMape_16 = 13.87799949192826
sMape_17 = 22.93436914101365
sMape_18 = 16.96069085552201
sMape_19 = 9.439993957637936
sMape_20 = 7.15457672903176
sMape_21 = 17.708994151613556
sMape_22 = 20.60094113577575
sMape_23 = 11.623577169597294
sMape_24 = 15.550927659019983
sMape_25 = 8.283422217695662
sMape_26 = 6.351312711241737
sMape_27 = 10.962078751040098
sMape_28 = 11.169572303668089
sMape_29 = 22.768854046766275
sMape_30 = 30.27052700031105
sMape_31 = 8.924326213563653
sMape_32 = 3.571562135998273
sMape_33 = 9.165730390870953
sMape_34 = 27.952882716034416
sMape_35 = 7.531123301243005
sMape_36 = 12.051497010512485
sMape_37 = 17.710160254127217
sMape_38 = 12.209975926750248
sMape_39 = 22.530763283933762
sMape_40 = 19.043713877667326
sMape_41 = 18.85464354895303
sMape_42 = 28.77904731414955
sMape_43 = 9.12715901196181
sMape_44 = 5.410258708284629
sMape_45 = 19.343184693510548
sMape_46 = 34.19878568532279
sMape_47 = 12.238741783406383
sMape_48 = 15.34095635447555
sMape_49 = 4.5050164602394185
sMape_50 = 0.7661057230312405
sMape_51 = 11.239363760270965
sMape_52 = 57.350777514643895
sMape_53 = 0.604302244221441
sMape_54 = 1.1113106014297913
sMape_55 = 0.2964125938080739
sMape_56 = 27.318699836569543
sMape_57 = 37.89910713696689
sMape_58 = 13.336614885391226
sMape_59 = 8.564052595402249
sMape_60 = 7.255609908852493
sMape_61 = 32.96747197993967
sMape_62 = 71.37503989531383
sMape_63 = 66.56768164547138
sMape_64 = 69.2712212518589
sMape_65 = 8.349067461084287
sMape_66 = 20.73269888492032
sMape_67 = 7.096423034148636
sMape_68 = 5.035032977279194
sMape_69 = 24.682073959091934
sMape_70 = 6.621364486393517
sMape_71 = 16.936922914456172
sMape_72 = 1.8941165749749738
