Mean over all sMapes = 5.019898457750186
sMape_1 = 1.6485807200155727
sMape_2 = 1.6307423569311437
sMape_3 = 5.299551976873489
sMape_4 = 3.672596829544778
sMape_5 = 12.848020405385943
