Mean over all sMapes = 5.072050141160958
sMape_1 = 1.5564834182000822
sMape_2 = 1.7621383783955422
sMape_3 = 4.880119359869389
sMape_4 = 2.7771244769435417
sMape_5 = 14.384385072396237
