Mean over all sMapes = 4.862564476820369
sMape_1 = 1.5428431080037033
sMape_2 = 1.733434256760657
sMape_3 = 4.815256599519254
sMape_4 = 2.969119275412922
sMape_5 = 13.252169144405304
