Mean over all sMapes = 4.349464437507512
sMape_1 = 1.5495672346374492
sMape_2 = 1.6695300889008602
sMape_3 = 4.718317121247628
sMape_4 = 3.096786434274307
sMape_5 = 10.71312130847732
