Mean over all sMapes = 5.038751079116821
sMape_1 = 1.5432603804775906
sMape_2 = 1.8112429603349276
sMape_3 = 4.814413197769068
sMape_4 = 2.8388115030038423
sMape_5 = 14.186027353998675
