Mean over all sMapes = 4.206663621172735
sMape_1 = 1.6367576383063884
sMape_2 = 1.6141499872188614
sMape_3 = 4.86451324572642
sMape_4 = 4.6203266103474085
sMape_5 = 8.297570624264598
