Mean over all sMapes = 4.332814199948938
sMape_1 = 1.5420671693308003
sMape_2 = 1.663770423587168
sMape_3 = 4.76892354229865
sMape_4 = 2.9679651352680336
sMape_5 = 10.72134472926004
