Mean over all sMapes = 4.369218076487567
sMape_1 = 1.535884785765043
sMape_2 = 1.6309542404319148
sMape_3 = 4.676372762418345
sMape_4 = 3.288601092017291
sMape_5 = 10.71427750180524
