Mean over all sMapes = 4.34370870063578
sMape_1 = 1.54989193420135
sMape_2 = 1.645309372711682
sMape_3 = 4.758393748602547
sMape_4 = 3.0012037838810413
sMape_5 = 10.763744663782282
