Mean over all sMapes = 4.980409896559929
sMape_1 = 1.547433997182694
sMape_2 = 1.7730647459637854
sMape_3 = 4.877789042213549
sMape_4 = 2.9491267143973614
sMape_5 = 13.754634983042259
