Mean over all sMapes = 4.382737164985757
sMape_1 = 1.5488457850982302
sMape_2 = 1.6644634122817439
sMape_3 = 4.7750225627361225
sMape_4 = 3.1726092182961385
sMape_5 = 10.75274484651655
