Mean over all sMapes = 14.851163502441116
sMape_1 = 14.753590724292604
sMape_2 = 15.869296617887155
sMape_3 = 13.93060316514359
