Mean over all sMapes = 13.389279406612921
sMape_1 = 1.9079782899789077
sMape_2 = 2.289717927012985
sMape_3 = 5.2938021895011875
sMape_4 = 5.164946696907402
sMape_5 = 12.49266668048965
sMape_6 = 11.992911269110284
sMape_7 = 1.6516849099870015
sMape_8 = 1.0166026899510885
sMape_9 = 4.534640028811563
sMape_10 = 8.482218962000172
sMape_11 = 1.989100916954411
sMape_12 = 3.1278182914933472
sMape_13 = 6.663351953757725
sMape_14 = 5.275296787109097
sMape_15 = 14.25077762505451
sMape_16 = 10.591105991972132
sMape_17 = 15.451505666515681
sMape_18 = 19.820053817492077
sMape_19 = 7.743318907816412
sMape_20 = 7.015196312205885
sMape_21 = 17.62833703224024
sMape_22 = 11.78017300409238
sMape_23 = 8.829624875629706
sMape_24 = 7.487207956759718
sMape_25 = 6.8662448591658345
sMape_26 = 4.600404160659425
sMape_27 = 9.541258596369211
sMape_28 = 9.17108135469226
sMape_29 = 15.251558104429844
sMape_30 = 17.982115709923843
sMape_31 = 3.5496360547936416
sMape_32 = 3.5687055225856015
sMape_33 = 7.595341314746971
sMape_34 = 12.20599547744962
sMape_35 = 5.066791234880618
sMape_36 = 6.3829918177466265
sMape_37 = 13.458899038366454
sMape_38 = 7.648175967766936
sMape_39 = 21.60039845098375
sMape_40 = 11.983574648019317
sMape_41 = 15.451455011371703
sMape_42 = 23.000052284182214
sMape_43 = 8.38443403488981
sMape_44 = 4.676716271245073
sMape_45 = 19.0203979472353
sMape_46 = 19.958762032117818
sMape_47 = 6.935502438261383
sMape_48 = 12.100752364403634
sMape_49 = 3.9633238540900395
sMape_50 = 1.7278559196015009
sMape_51 = 6.120356578659009
sMape_52 = 20.484817547407776
sMape_53 = 0.7110501605323931
sMape_54 = 0.4899127819584263
sMape_55 = 0.6944560337600534
sMape_56 = 24.404944551754735
sMape_57 = 57.66749430908483
sMape_58 = 36.56440351244849
sMape_59 = 16.267189744082934
sMape_60 = 28.893743357086993
sMape_61 = 45.22767654041325
sMape_62 = 45.89785667770882
sMape_63 = 66.71466886742863
sMape_64 = 36.110064231164294
sMape_65 = 23.739437566823106
sMape_66 = 17.84353213330898
sMape_67 = 16.466211620554745
sMape_68 = 5.883580715835305
sMape_69 = 6.121851485721303
sMape_70 = 7.954791537126001
sMape_71 = 21.380013543712238
sMape_72 = 14.217600526735987
