Mean over all sMapes = 13.241328506891628
sMape_1 = 1.5359485810089122
sMape_2 = 1.5985644392076066
sMape_3 = 4.260285748151076
sMape_4 = 2.695773166100591
sMape_5 = 10.834099883367447
sMape_6 = 8.059877047080594
sMape_7 = 1.8547490773337842
sMape_8 = 1.049286182245348
sMape_9 = 3.98699711861762
sMape_10 = 5.654920339765673
sMape_11 = 0.7894057786157559
sMape_12 = 1.9311068398698068
sMape_13 = 8.212868622817721
sMape_14 = 5.465052586538429
sMape_15 = 13.089036927752973
sMape_16 = 6.412658904403125
sMape_17 = 11.089949555149262
sMape_18 = 14.68274282722459
sMape_19 = 7.701700526590148
sMape_20 = 7.159696401492728
sMape_21 = 17.915715309043424
sMape_22 = 11.967249281256283
sMape_23 = 9.986893494016776
sMape_24 = 12.453206849870734
sMape_25 = 6.825504713232859
sMape_26 = 4.762510427001276
sMape_27 = 9.87112329126626
sMape_28 = 9.518393351656501
sMape_29 = 14.58533750679862
sMape_30 = 15.076528448299861
sMape_31 = 3.647590644211175
sMape_32 = 3.816080113087001
sMape_33 = 7.924756871791598
sMape_34 = 13.686338652935016
sMape_35 = 5.0231151064755535
sMape_36 = 8.036969294459123
sMape_37 = 11.670927889584982
sMape_38 = 7.3210750696283675
sMape_39 = 21.137797962077666
sMape_40 = 9.158028713410694
sMape_41 = 13.661905580559818
sMape_42 = 20.86296602928869
sMape_43 = 8.410313139787862
sMape_44 = 4.896711091643594
sMape_45 = 19.299442148407895
sMape_46 = 17.030463964875505
sMape_47 = 5.961110005359851
sMape_48 = 11.724571367315027
sMape_49 = 1.6758708951055894
sMape_50 = 1.3166488870551918
sMape_51 = 20.7465049796488
sMape_52 = 21.239503264398763
sMape_53 = 0.7886719250096614
sMape_54 = 0.33763993105265677
sMape_55 = 0.6380767695740311
sMape_56 = 25.257967133456305
sMape_57 = 53.69737405676466
sMape_58 = 82.99352133259528
sMape_59 = 8.454721466932845
sMape_60 = 20.573321060806062
sMape_61 = 32.526444580321105
sMape_62 = 23.190580060547823
sMape_63 = 69.47963575979018
sMape_64 = 17.22901598325793
sMape_65 = 18.828728998232638
sMape_66 = 39.25949190875151
sMape_67 = 24.617951518994555
sMape_68 = 11.438769515024214
sMape_69 = 9.958923236660437
sMape_70 = 6.696795021642245
sMape_71 = 28.019625422545687
sMape_72 = 10.112521917353932
