Mean over all sMapes = 14.760793329444569
sMape_1 = 14.76241409044053
sMape_2 = 15.868848316936601
sMape_3 = 13.651117580956582
