Mean over all sMapes = 11.989113295805636
sMape_1 = 2.3278771380491685
sMape_2 = 1.4149002071037802
sMape_3 = 5.011283432728299
sMape_4 = 2.8475288403263272
sMape_5 = 8.334341614379753
sMape_6 = 7.706593159338413
sMape_7 = 1.6032772609496142
sMape_8 = 1.5109253548577286
sMape_9 = 3.99435361549252
sMape_10 = 5.011745477266603
sMape_11 = 1.9862077581596427
sMape_12 = 2.3861880282724233
sMape_13 = 8.762955508052094
sMape_14 = 7.492823065210128
sMape_15 = 14.106844264690668
sMape_16 = 6.634046365475853
sMape_17 = 16.8628210383056
sMape_18 = 21.111004274731805
sMape_19 = 7.642639599621326
sMape_20 = 7.032380823110307
sMape_21 = 19.297671778929164
sMape_22 = 17.79155591883225
sMape_23 = 10.432418578838686
sMape_24 = 9.030003018290914
sMape_25 = 6.9049525284032205
sMape_26 = 5.129682426894137
sMape_27 = 8.502521514228125
sMape_28 = 15.58868215243154
sMape_29 = 16.47478340851846
sMape_30 = 16.940291297454692
sMape_31 = 3.8816913289008235
sMape_32 = 4.182335882740198
sMape_33 = 8.553098726987844
sMape_34 = 12.527339938710735
sMape_35 = 4.837153137119527
sMape_36 = 5.85644797042839
sMape_37 = 12.35036671041891
sMape_38 = 10.979976141116033
sMape_39 = 29.008333104378774
sMape_40 = 18.1195271398903
sMape_41 = 15.648514838157283
sMape_42 = 16.779499549514277
sMape_43 = 9.069765090323777
sMape_44 = 4.68509436989602
sMape_45 = 19.43003105332133
sMape_46 = 21.886080879864643
sMape_47 = 12.68130951630185
sMape_48 = 12.609668963763951
sMape_49 = 3.1285674010410816
sMape_50 = 1.0777748802875597
sMape_51 = 9.415748727507701
sMape_52 = 22.597977477618876
sMape_53 = 0.668361931816353
sMape_54 = 0.341198256591695
sMape_55 = 0.2439611872478535
sMape_56 = 19.304449175804884
sMape_57 = 22.614703044193632
sMape_58 = 15.891590352282424
sMape_59 = 7.8649999129976
sMape_60 = 12.42608986303017
sMape_61 = 18.991809559339536
sMape_62 = 34.69495339950946
sMape_63 = 49.8533762711236
sMape_64 = 71.88908601328761
sMape_65 = 8.263721510003851
sMape_66 = 14.229748227868644
sMape_67 = 13.604824741963101
sMape_68 = 5.152828505345735
sMape_69 = 14.49675057741329
sMape_70 = 2.87316699852678
sMape_71 = 11.260654957603961
sMape_72 = 19.37028053482249
