Mean over all sMapes = 12.904156186557818
sMape_1 = 1.5528700647816356
sMape_2 = 1.5456887745407817
sMape_3 = 4.465467602422011
sMape_4 = 2.5800011734524944
sMape_5 = 11.913725943346492
sMape_6 = 6.697880452817338
sMape_7 = 1.843794369064643
sMape_8 = 1.0539429497055042
sMape_9 = 4.097655313459861
sMape_10 = 5.611660780084638
sMape_11 = 0.7825252047276079
sMape_12 = 1.9579886172712901
sMape_13 = 8.220558449322573
sMape_14 = 6.708267825056414
sMape_15 = 13.226017609760937
sMape_16 = 6.6257549680402965
sMape_17 = 12.670895299984359
sMape_18 = 14.772099859638935
sMape_19 = 7.579375488929271
sMape_20 = 6.706321840047906
sMape_21 = 17.89468861573436
sMape_22 = 13.451905874290123
sMape_23 = 8.671028055033224
sMape_24 = 8.30538525223968
sMape_25 = 6.868970511212981
sMape_26 = 4.814705711282252
sMape_27 = 9.786013638404723
sMape_28 = 9.53843555575685
sMape_29 = 14.147725860214702
sMape_30 = 13.428814403771074
sMape_31 = 3.6948273537236758
sMape_32 = 3.6462762780044145
sMape_33 = 7.943182490906482
sMape_34 = 10.490590733863343
sMape_35 = 5.036511694405924
sMape_36 = 7.977228500210871
sMape_37 = 12.036485896387362
sMape_38 = 7.131222389407486
sMape_39 = 21.197608675941016
sMape_40 = 9.322828245939215
sMape_41 = 13.359393855836974
sMape_42 = 21.20968748856026
sMape_43 = 8.481052677087979
sMape_44 = 5.545482428503675
sMape_45 = 19.298495821202533
sMape_46 = 17.266915798866957
sMape_47 = 5.811657277199713
sMape_48 = 11.617204542738515
sMape_49 = 1.8815718813506601
sMape_50 = 1.283462774820381
sMape_51 = 16.16858328901779
sMape_52 = 21.674439426746606
sMape_53 = 0.7603700925388412
sMape_54 = 0.28504054118157246
sMape_55 = 0.6175093680272574
sMape_56 = 24.687599465023087
sMape_57 = 53.99139333756305
sMape_58 = 93.06288205522574
sMape_59 = 9.409630736876395
sMape_60 = 21.281638343252666
sMape_61 = 33.68723037139708
sMape_62 = 23.451347315263835
sMape_63 = 61.73331536152056
sMape_64 = 17.281910980597146
sMape_65 = 17.203548493790198
sMape_66 = 17.93933529250615
sMape_67 = 32.91895196727344
sMape_68 = 11.01650865141366
sMape_69 = 7.557554717155083
sMape_70 = 5.218109078086205
sMape_71 = 27.39376838405891
sMape_72 = 10.006725294295228
