Mean over all sMapes = 14.693985908328239
sMape_1 = 14.258133258798015
sMape_2 = 16.007051287724803
sMape_3 = 13.816773178461899
