Mean over all sMapes = 14.596801802796852
sMape_1 = 14.422935884532299
sMape_2 = 15.817094246140398
sMape_3 = 13.550375277717855
