Mean over all sMapes = 18.220259872761424
sMape_1 = 8.655270510443675
sMape_2 = 5.048151751911818
sMape_3 = 8.678153409105366
sMape_4 = 8.01809672712582
sMape_5 = 10.581871430962773
sMape_6 = 6.912669997936488
sMape_7 = 10.451799293386957
sMape_8 = 16.874240600394057
sMape_9 = 11.225539608426528
sMape_10 = 11.16131036209646
sMape_11 = 11.315621832201565
sMape_12 = 10.556724994066965
sMape_13 = 5.778342971274866
sMape_14 = 14.144875392965966
sMape_15 = 8.177414437029345
sMape_16 = 8.40357681277073
sMape_17 = 8.49470289936989
sMape_18 = 8.127164630964764
sMape_19 = 27.1079132914503
sMape_20 = 29.86237202301123
sMape_21 = 12.371613550164811
sMape_22 = 18.149306259790688
sMape_23 = 12.435354998426988
sMape_24 = 17.43492051141199
sMape_25 = 56.31945531797919
sMape_26 = 24.597746315469948
sMape_27 = 14.29790144749391
sMape_28 = 7.143167244041887
sMape_29 = 33.26694227905288
sMape_30 = 7.777311688180827
sMape_31 = 50.86939492260962
sMape_32 = 15.163881489302316
sMape_33 = 13.800484745356073
sMape_34 = 9.51545011343013
sMape_35 = 10.738731908356186
sMape_36 = 10.21915639358354
sMape_37 = 7.9642049898752605
sMape_38 = 17.191188579558048
sMape_39 = 9.537838102915646
sMape_40 = 8.447420728306682
sMape_41 = 20.483442860224205
sMape_42 = 14.503371403703744
sMape_43 = 41.30769978816817
sMape_44 = 25.19753579699122
sMape_45 = 31.195556399998836
sMape_46 = 31.318580187367523
sMape_47 = 31.897628219273532
sMape_48 = 19.843556978339123
sMape_49 = 30.664522371787328
sMape_50 = 9.596569302569842
sMape_51 = 14.25825870967554
sMape_52 = 3.548312869084238
sMape_53 = 6.222993503881806
sMape_54 = 16.593851081223622
sMape_55 = 7.623050362966535
sMape_56 = 3.5047707062609277
sMape_57 = 4.298275253738433
sMape_58 = 10.06146842117836
sMape_59 = 67.44244272899613
sMape_60 = 8.775283611567787
sMape_61 = 13.95485447188294
sMape_62 = 26.66813278682526
sMape_63 = 11.66098041274192
sMape_64 = 8.881939876241523
sMape_65 = 18.98292053710481
sMape_66 = 7.613893756865616
sMape_67 = 20.255805883217494
sMape_68 = 9.254317120007416
sMape_69 = 65.42419259923776
sMape_70 = 30.69013651660841
sMape_71 = 26.61350686291945
sMape_72 = 10.552845313007838
sMape_73 = 21.074455836573307
sMape_74 = 15.784761470628256
sMape_75 = 7.10480747249867
sMape_76 = 14.099161373172048
sMape_77 = 1.5162417581977576
sMape_78 = 12.0713908012814
sMape_79 = 11.934669911910259
sMape_80 = 9.728845436908625
sMape_81 = 35.62467652312471
sMape_82 = 18.912775857613692
sMape_83 = 18.33621502573778
sMape_84 = 3.4317262665459465
sMape_85 = 12.014142974436563
sMape_86 = 39.64700779003593
sMape_87 = 14.215656966489732
sMape_88 = 6.009893324082887
sMape_89 = 7.311381884684269
sMape_90 = 6.814196070155193
sMape_91 = 2.3636597528620604
sMape_92 = 4.008440073599131
sMape_93 = 74.09360936548029
sMape_94 = 11.693464917495099
sMape_95 = 50.37312430263481
sMape_96 = 40.37941683331036
sMape_97 = 19.47843931473252
sMape_98 = 28.62148715614603
sMape_99 = 18.829906943580387
sMape_100 = 6.251052937445062
sMape_101 = 2.400758950128749
sMape_102 = 19.55413048497931
sMape_103 = 54.117359754707174
sMape_104 = 25.449293400649776
sMape_105 = 4.67023305546344
sMape_106 = 4.513149267563159
sMape_107 = 4.439801050058023
sMape_108 = 31.089741952495075
sMape_109 = 9.265714834000208
sMape_110 = 100.16803570770412
sMape_111 = 19.348037821546583
