Mean over all sMapes = 12.514186811942611
sMape_1 = 2.50280553636296
sMape_2 = 1.3656052867083321
sMape_3 = 6.093296316886709
sMape_4 = 4.902691922473054
sMape_5 = 6.694387374046978
sMape_6 = 9.417609461275305
sMape_7 = 1.6668401747714925
sMape_8 = 1.2463247692738841
sMape_9 = 3.8949168793495796
sMape_10 = 5.956173422894291
sMape_11 = 1.154666108339744
sMape_12 = 3.2919040638823884
sMape_13 = 9.423766493878267
sMape_14 = 8.850347715256053
sMape_15 = 18.292549778052926
sMape_16 = 8.281014445981876
sMape_17 = 15.872046438941975
sMape_18 = 16.452721298541142
sMape_19 = 6.364301310919836
sMape_20 = 8.230697324472212
sMape_21 = 25.030555507631462
sMape_22 = 9.314650686866392
sMape_23 = 8.892973704279589
sMape_24 = 14.59583277096044
sMape_25 = 7.59219582532029
sMape_26 = 5.364495367341546
sMape_27 = 16.88838990695395
sMape_28 = 11.980206415240753
sMape_29 = 15.11635997337288
sMape_30 = 12.499902565819575
sMape_31 = 7.582321049255851
sMape_32 = 8.447624206844019
sMape_33 = 8.274802267494138
sMape_34 = 9.90697761876497
sMape_35 = 4.6989075786145165
sMape_36 = 7.977171477490312
sMape_37 = 15.701716667319584
sMape_38 = 9.16451406138722
sMape_39 = 28.771524963171597
sMape_40 = 24.612481087066552
sMape_41 = 17.660248401778436
sMape_42 = 20.243067540286564
sMape_43 = 9.78929518270964
sMape_44 = 6.0275976140912935
sMape_45 = 29.40144832383193
sMape_46 = 15.15421202598731
sMape_47 = 12.499896603870413
sMape_48 = 14.647910262357563
sMape_49 = 1.9194813039842058
sMape_50 = 2.1795173596543496
sMape_51 = 8.47396710428612
sMape_52 = 28.420538390480388
sMape_53 = 0.5840709164670941
sMape_54 = 0.28599309046013244
sMape_55 = 0.2350807843771219
sMape_56 = 18.728628453932764
sMape_57 = 18.932335410417224
sMape_58 = 31.311491474131742
sMape_59 = 6.618218923579969
sMape_60 = 13.181988869944652
sMape_61 = 17.809643607843537
sMape_62 = 35.01442867368188
sMape_63 = 43.62857405769092
sMape_64 = 67.4154719878557
sMape_65 = 6.476797185760767
sMape_66 = 10.618279676760176
sMape_67 = 16.760653359664605
sMape_68 = 2.5675372393699685
sMape_69 = 17.860857671850418
sMape_70 = 1.6158888358575638
sMape_71 = 12.18649191894614
sMape_72 = 20.403568384452697
