Mean over all sMapes = 12.825363183132223
sMape_1 = 1.557589941403078
sMape_2 = 1.4409265512371343
sMape_3 = 4.044216063246867
sMape_4 = 4.725429257635061
sMape_5 = 10.524170625026917
sMape_6 = 12.878213048576692
sMape_7 = 2.866518052458869
sMape_8 = 1.1494852144303473
sMape_9 = 3.7208339594499
sMape_10 = 7.312011199750211
sMape_11 = 0.7544468099457173
sMape_12 = 1.9370680978830612
sMape_13 = 8.229022041326257
sMape_14 = 6.706973884886433
sMape_15 = 14.730810937581888
sMape_16 = 8.527129878530998
sMape_17 = 13.887414572832396
sMape_18 = 19.093253909044037
sMape_19 = 7.5799724918303335
sMape_20 = 6.945971172023345
sMape_21 = 19.527189206008654
sMape_22 = 13.136241770326407
sMape_23 = 8.845128035343437
sMape_24 = 8.485107418977272
sMape_25 = 6.9853643152819025
sMape_26 = 4.762088796765912
sMape_27 = 9.209526021545232
sMape_28 = 10.75900249388146
sMape_29 = 14.302965875413706
sMape_30 = 14.857812954244817
sMape_31 = 5.114580321779053
sMape_32 = 3.6715491078946916
sMape_33 = 7.93446767377099
sMape_34 = 10.939272764884224
sMape_35 = 5.011672297316597
sMape_36 = 7.571197466971294
sMape_37 = 12.197405247404914
sMape_38 = 7.0969050240462845
sMape_39 = 21.099018252712774
sMape_40 = 9.625559658896734
sMape_41 = 13.218608908592502
sMape_42 = 23.71393240276822
sMape_43 = 8.521342447159958
sMape_44 = 5.955069915619714
sMape_45 = 19.287173054102354
sMape_46 = 16.590755972590532
sMape_47 = 5.916149572976586
sMape_48 = 11.662805717964277
sMape_49 = 1.8792421291327817
sMape_50 = 1.1886322905034754
sMape_51 = 12.061749385101832
sMape_52 = 21.875743177927756
sMape_53 = 0.77093156050548
sMape_54 = 0.28534737676637423
sMape_55 = 0.4964983053745521
sMape_56 = 26.369761102561355
sMape_57 = 54.421383010751775
sMape_58 = 74.3020187463823
sMape_59 = 8.255583895435525
sMape_60 = 21.240994057835792
sMape_61 = 30.941433945320647
sMape_62 = 27.135159819307304
sMape_63 = 58.613290349355616
sMape_64 = 24.967023340558857
sMape_65 = 19.61032971876844
sMape_66 = 13.208229404208339
sMape_67 = 24.411677382736933
sMape_68 = 4.772341896508022
sMape_69 = 7.384687717349843
sMape_70 = 6.474299066687012
sMape_71 = 25.745064237097008
sMape_72 = 12.405376865002992
