Mean over all sMapes = 18.44635096516392
sMape_1 = 8.551693923421116
sMape_2 = 5.049726110862583
sMape_3 = 8.829704931039183
sMape_4 = 8.336802693747849
sMape_5 = 10.75041715255224
sMape_6 = 6.698594000776227
sMape_7 = 10.838553828698313
sMape_8 = 16.96176058242187
sMape_9 = 11.22566187797038
sMape_10 = 10.765646857664986
sMape_11 = 10.233810521648964
sMape_12 = 11.651412386835002
sMape_13 = 5.875718569265809
sMape_14 = 15.285945205924847
sMape_15 = 8.298952953004967
sMape_16 = 8.39554847011437
sMape_17 = 8.68340873046922
sMape_18 = 7.9599035816587715
sMape_19 = 26.104916727688426
sMape_20 = 37.56467894631718
sMape_21 = 11.4063579475063
sMape_22 = 16.559595743537137
sMape_23 = 12.734850428650335
sMape_24 = 18.85319175663981
sMape_25 = 51.25569588563557
sMape_26 = 24.61516968864053
sMape_27 = 14.9312905131374
sMape_28 = 7.303568860220021
sMape_29 = 35.139997560721255
sMape_30 = 7.809460662598545
sMape_31 = 50.99271797539886
sMape_32 = 15.153922948892617
sMape_33 = 13.800377652490681
sMape_34 = 9.527443726109002
sMape_35 = 10.075244213003415
sMape_36 = 10.195965494283636
sMape_37 = 12.209668738070773
sMape_38 = 17.025455910429322
sMape_39 = 9.953298688377503
sMape_40 = 8.447059903758486
sMape_41 = 20.612893794148114
sMape_42 = 14.013777815574164
sMape_43 = 34.945353604461424
sMape_44 = 31.618868080177208
sMape_45 = 35.36607417674583
sMape_46 = 28.753390790081134
sMape_47 = 46.65202627232379
sMape_48 = 19.41575133177801
sMape_49 = 28.816412029578586
sMape_50 = 13.066943142336344
sMape_51 = 14.271539382951385
sMape_52 = 4.079927984714823
sMape_53 = 6.572322024832547
sMape_54 = 15.764695889222146
sMape_55 = 7.489714561944531
sMape_56 = 2.345294295983755
sMape_57 = 4.1429753703613335
sMape_58 = 10.380362100341278
sMape_59 = 65.71298039761939
sMape_60 = 8.985914352322958
sMape_61 = 13.663804221758294
sMape_62 = 26.624254064617098
sMape_63 = 12.184901208068027
sMape_64 = 7.993875389186736
sMape_65 = 26.39237011760353
sMape_66 = 8.78555158015913
sMape_67 = 20.693183157184237
sMape_68 = 9.03337194049377
sMape_69 = 65.75433193543238
sMape_70 = 31.462843481045542
sMape_71 = 26.483553481931054
sMape_72 = 10.020323642913205
sMape_73 = 17.089456696259006
sMape_74 = 16.281113400692526
sMape_75 = 6.05694656179143
sMape_76 = 26.84522546191353
sMape_77 = 1.1202443163991125
sMape_78 = 12.239238007924126
sMape_79 = 11.705274189270282
sMape_80 = 9.622980706702295
sMape_81 = 35.816088643252925
sMape_82 = 8.145718487848711
sMape_83 = 16.94400257729441
sMape_84 = 2.9155392084412473
sMape_85 = 11.978745099800323
sMape_86 = 39.350694979293124
sMape_87 = 14.04735897820496
sMape_88 = 7.2088842990645
sMape_89 = 7.303969829120663
sMape_90 = 11.25113772125477
sMape_91 = 1.8002421679915435
sMape_92 = 3.7316789838835835
sMape_93 = 74.87128838937315
sMape_94 = 10.660935132496679
sMape_95 = 49.5290994433477
sMape_96 = 40.30934196840707
sMape_97 = 17.342311516529257
sMape_98 = 28.56407413624928
sMape_99 = 19.448168458250663
sMape_100 = 5.0865808938333
sMape_101 = 2.4951950143231354
sMape_102 = 18.50481775346211
sMape_103 = 67.60581514863327
sMape_104 = 23.88064668223057
sMape_105 = 4.057693227102949
sMape_106 = 4.705801425309149
sMape_107 = 4.390007239998337
sMape_108 = 29.314586470511134
sMape_109 = 13.019092847656594
sMape_110 = 84.64830567116304
sMape_111 = 19.503881429839243
