Mean over all sMapes = 4.434353839930009
sMape_1 = 1.5635649832202256
sMape_2 = 1.3706842507077126
sMape_3 = 4.371182361453055
sMape_4 = 4.147140900988823
sMape_5 = 10.719196703280227
