Mean over all sMapes = 23.214752896639077
sMape_1 = 29.149347805121657
sMape_2 = 29.297125911487797
sMape_3 = 21.98488458022488
sMape_4 = 19.7053876571657
sMape_5 = 29.47412296764557
sMape_6 = 28.670168343016805
sMape_7 = 30.40328499036956
sMape_8 = 18.982057955244176
sMape_9 = 8.108230603669453
sMape_10 = 16.37291815244514
