Mean over all sMapes = 14.607351260683231
sMape_1 = 14.447954791089698
sMape_2 = 15.759707030562357
sMape_3 = 13.61439196039764
