Mean over all sMapes = 17.958221936636942
sMape_1 = 8.655270510443675
sMape_2 = 5.048151751911818
sMape_3 = 8.678153409105366
sMape_4 = 8.01809672712582
sMape_5 = 10.581871430962773
sMape_6 = 6.912669997936488
sMape_7 = 10.451799293386957
sMape_8 = 16.874240600394057
sMape_9 = 11.225539608426528
sMape_10 = 11.16131036209646
sMape_11 = 11.315621832201565
sMape_12 = 10.556724994066965
sMape_13 = 5.778342971274866
sMape_14 = 14.144875392965966
sMape_15 = 8.177414437029345
sMape_16 = 8.40357681277073
sMape_17 = 8.49470289936989
sMape_18 = 8.127164630964764
sMape_19 = 27.1079132914503
sMape_20 = 29.86237202301123
sMape_21 = 12.371613550164811
sMape_22 = 18.149306259790688
sMape_23 = 12.435354998426988
sMape_24 = 17.43492051141199
sMape_25 = 56.31945531797919
sMape_26 = 24.597746315469948
sMape_27 = 14.29790144749391
sMape_28 = 7.143167244041887
sMape_29 = 33.26694227905288
sMape_30 = 7.777311688180827
sMape_31 = 50.86939492260962
sMape_32 = 15.163881489302316
sMape_33 = 13.800484745356073
sMape_34 = 9.51545011343013
sMape_35 = 10.738731908356186
sMape_36 = 10.21915639358354
sMape_37 = 7.9642049898752605
sMape_38 = 17.191188579558048
sMape_39 = 9.537838102915646
sMape_40 = 8.447420728306682
sMape_41 = 20.483442860224205
sMape_42 = 14.503371403703744
sMape_43 = 41.30769978816817
sMape_44 = 25.19753579699122
sMape_45 = 31.195556399998836
sMape_46 = 31.318580187367523
sMape_47 = 31.897628219273532
sMape_48 = 19.843556978339123
sMape_49 = 30.664522371787328
sMape_50 = 9.596569302569842
sMape_51 = 14.26585786331869
sMape_52 = 3.520643752212939
sMape_53 = 6.150366843617674
sMape_54 = 16.599687944948812
sMape_55 = 7.752882698103381
sMape_56 = 3.6947883791196943
sMape_57 = 4.230978495739405
sMape_58 = 10.378151977153495
sMape_59 = 67.48867864926702
sMape_60 = 8.679423749797719
sMape_61 = 14.506637419334476
sMape_62 = 26.340212135142504
sMape_63 = 11.669731110523324
sMape_64 = 8.771010482534708
sMape_65 = 18.89256705839294
sMape_66 = 7.74970188010522
sMape_67 = 20.584130761021548
sMape_68 = 9.059646527274403
sMape_69 = 65.92489252024238
sMape_70 = 31.384584484029148
sMape_71 = 26.581981680675483
sMape_72 = 10.687553295096802
sMape_73 = 17.527776454518754
sMape_74 = 14.49538673462571
sMape_75 = 6.887868663824964
sMape_76 = 12.41369905106012
sMape_77 = 0.7239125926396104
sMape_78 = 12.268885767141684
sMape_79 = 12.252696120241053
sMape_80 = 9.672967841278975
sMape_81 = 35.03069052869376
sMape_82 = 20.907707292489995
sMape_83 = 18.39508411197476
sMape_84 = 4.040169387281005
sMape_85 = 11.966734208505741
sMape_86 = 39.74811322804329
sMape_87 = 14.132514154907073
sMape_88 = 6.1163601378137615
sMape_89 = 7.328265131951765
sMape_90 = 8.650252337444444
sMape_91 = 2.340028855745082
sMape_92 = 4.630500980766138
sMape_93 = 74.4283646281629
sMape_94 = 10.551144620397764
sMape_95 = 50.684138992115415
sMape_96 = 40.22680891100207
sMape_97 = 19.571812175077564
sMape_98 = 28.59578987993543
sMape_99 = 18.700927529448183
sMape_100 = 6.832394217999416
sMape_101 = 2.3762911671060696
sMape_102 = 18.729414430008966
sMape_103 = 57.48509246534923
sMape_104 = 26.018411811925528
sMape_105 = 4.769158507011285
sMape_106 = 4.51415815438172
sMape_107 = 4.47227465870055
sMape_108 = 30.519978605506314
sMape_109 = 10.504250834674513
sMape_110 = 67.66367084889464
sMape_111 = 19.449081369777687
