Mean over all sMapes = 4.420093410104009
sMape_1 = 1.7340075157679202
sMape_2 = 1.4422510827019932
sMape_3 = 5.653087909255597
sMape_4 = 3.7317288029805153
sMape_5 = 9.53939173981402
