Mean over all sMapes = 5.010647475004453
sMape_1 = 1.7625665327389894
sMape_2 = 1.8205357338524857
sMape_3 = 5.310961050123074
sMape_4 = 5.096346233047586
sMape_5 = 11.062827825260129
