Mean over all sMapes = 4.595858895088346
sMape_1 = 1.702229969896187
sMape_2 = 1.8695488894201269
sMape_3 = 5.647477209823192
sMape_4 = 3.016813739013013
sMape_5 = 10.743224667289216
