Mean over all sMapes = 4.083641162337855
sMape_1 = 1.5807200352670001
sMape_2 = 1.6239080046872352
sMape_3 = 5.4196854758051405
sMape_4 = 3.9395733310531598
sMape_5 = 7.854318964876741
