Mean over all sMapes = 12.837504572150245
sMape_1 = 1.5675742995493156
sMape_2 = 1.4563910663976753
sMape_3 = 4.401335666084708
sMape_4 = 4.020511978302789
sMape_5 = 10.550063954630652
sMape_6 = 11.19590856265409
sMape_7 = 3.067389267380331
sMape_8 = 1.2304447873574063
sMape_9 = 3.820647183948383
sMape_10 = 6.909746383396566
sMape_11 = 0.9157555202053516
sMape_12 = 1.8118396420335854
sMape_13 = 8.239366252460929
sMape_14 = 6.271588570702639
sMape_15 = 14.423878649399885
sMape_16 = 7.898744928721689
sMape_17 = 13.130795279215256
sMape_18 = 18.252751456099805
sMape_19 = 7.54937967845444
sMape_20 = 6.964032756678649
sMape_21 = 19.999486081203855
sMape_22 = 12.985562722775876
sMape_23 = 9.217694170034317
sMape_24 = 8.57251933529898
sMape_25 = 7.101207470621921
sMape_26 = 4.8533725484903565
sMape_27 = 8.660093778174245
sMape_28 = 10.488964264678732
sMape_29 = 14.178946437947806
sMape_30 = 13.399355689540151
sMape_31 = 6.579793251595866
sMape_32 = 3.9174074252214566
sMape_33 = 7.363555149196508
sMape_34 = 10.764265810563387
sMape_35 = 4.976995198578617
sMape_36 = 8.10171628125526
sMape_37 = 12.073093033340447
sMape_38 = 7.06272226585431
sMape_39 = 21.11908503222661
sMape_40 = 9.245972643246303
sMape_41 = 13.380102999172468
sMape_42 = 22.764245444523144
sMape_43 = 8.98464990399004
sMape_44 = 6.552797749689334
sMape_45 = 19.323464700718244
sMape_46 = 16.528071772988998
sMape_47 = 5.897061405058419
sMape_48 = 11.523911169245109
sMape_49 = 4.062855118443587
sMape_50 = 2.3543952431411883
sMape_51 = 12.061818521075484
sMape_52 = 21.875721042861528
sMape_53 = 0.7295809135268275
sMape_54 = 0.28534737676637423
sMape_55 = 0.4964983053745521
sMape_56 = 27.119637180063588
sMape_57 = 54.3452142477119
sMape_58 = 75.39983644541714
sMape_59 = 8.272978848831354
sMape_60 = 21.24775764590496
sMape_61 = 31.131501501958674
sMape_62 = 29.39801052199448
sMape_63 = 59.45473300654371
sMape_64 = 22.680309107282937
sMape_65 = 19.64788729240403
sMape_66 = 13.217694920935507
sMape_67 = 24.42840676416063
sMape_68 = 4.7690594162618085
sMape_69 = 7.40214690744589
sMape_70 = 6.4742950119911615
sMape_71 = 25.74503701111499
sMape_72 = 12.40534722470048
