Mean over all sMapes = 14.773222080387304
sMape_1 = 14.587841326208478
sMape_2 = 16.182168734270544
sMape_3 = 13.549656180682886
