Mean over all sMapes = 4.983540008226726
sMape_1 = 0.5637728985940331
sMape_2 = 0.4859459370962051
sMape_3 = 1.2040101826470146
sMape_4 = 0.9372914817440995
sMape_5 = 3.571305213273742
sMape_6 = 2.7401445370196926
sMape_7 = 0.4364823840283026
sMape_8 = 1.0357107579664604
sMape_9 = 1.0459423383155304
sMape_10 = 2.1013014327703203
sMape_11 = 1.1046213401564573
sMape_12 = 0.9553491131659911
sMape_13 = 1.6762389177026007
sMape_14 = 3.000340764561549
sMape_15 = 2.2966330629424947
sMape_16 = 3.4900761955833746
sMape_17 = 2.8950121545991303
sMape_18 = 6.1986114418004385
sMape_19 = 2.1050528482393234
sMape_20 = 1.3961292674265346
sMape_21 = 7.80377690594444
sMape_22 = 21.88090414917559
sMape_23 = 2.1071888682935507
sMape_24 = 0.6270118557679213
sMape_25 = 2.0492476733813074
sMape_26 = 1.357227038882882
sMape_27 = 2.2575560288047454
sMape_28 = 3.318663244976394
sMape_29 = 5.475998926175193
sMape_30 = 3.531533912082163
sMape_31 = 1.6370991509005313
sMape_32 = 1.1261107300623554
sMape_33 = 1.8315158277979149
sMape_34 = 5.328683680213797
sMape_35 = 1.4260647903436867
sMape_36 = 2.9391163428287856
sMape_37 = 3.4849336958716624
sMape_38 = 4.671061810260829
sMape_39 = 7.07169797361194
sMape_40 = 2.757376595738752
sMape_41 = 9.289773595111043
sMape_42 = 5.513907424539722
sMape_43 = 1.7386643901121897
sMape_44 = 1.2487154950455
sMape_45 = 5.12513038868316
sMape_46 = 4.999997345065773
sMape_47 = 2.2156019548676977
sMape_48 = 4.126506373168674
sMape_49 = 0.8304644799819424
sMape_50 = 0.2828973060537723
sMape_51 = 1.930328967587331
sMape_52 = 7.118842942072247
sMape_53 = 0.6138906554570666
sMape_54 = 0.5101753417369342
sMape_55 = 0.14139290854563352
sMape_56 = 11.868777557004861
sMape_57 = 12.763478551002736
sMape_58 = 41.45885990769229
sMape_59 = 15.432107327288296
sMape_60 = 8.849677245523075
sMape_61 = 8.077630826372173
sMape_62 = 16.412192651353998
sMape_63 = 21.168505911186983
sMape_64 = 13.959033028960766
sMape_65 = 5.483573377717592
sMape_66 = 3.6268448692064665
sMape_67 = 7.142035602676611
sMape_68 = 5.775446246699768
sMape_69 = 1.869766356871933
sMape_70 = 1.2435313385958715
sMape_71 = 12.710519404461282
sMape_72 = 3.36386935093307
