Mean over all sMapes = 14.733893016926002
sMape_1 = 14.415389357838041
sMape_2 = 15.724019419359813
sMape_3 = 14.062270273580152
