Mean over all sMapes = 18.789911981468606
sMape_1 = 8.305267170206594
sMape_2 = 4.687282262406608
sMape_3 = 7.834473223907118
sMape_4 = 7.262883011304091
sMape_5 = 10.45601175255438
sMape_6 = 7.030210473455754
sMape_7 = 13.085043798795784
sMape_8 = 18.853004973526744
sMape_9 = 12.669169437736382
sMape_10 = 13.150924393970492
sMape_11 = 14.404711549951552
sMape_12 = 15.99017043502942
sMape_13 = 6.531262513129474
sMape_14 = 9.100339623727843
sMape_15 = 8.419224343640872
sMape_16 = 8.268495109286999
sMape_17 = 8.893287320908856
sMape_18 = 8.14730163490031
sMape_19 = 33.83419140787896
sMape_20 = 16.502160849811983
sMape_21 = 21.705877987179477
sMape_22 = 22.236292038124322
sMape_23 = 12.73536117915378
sMape_24 = 14.63652939988136
sMape_25 = 58.87456866652235
sMape_26 = 24.110190186131337
sMape_27 = 14.751179595223144
sMape_28 = 6.726606375142724
sMape_29 = 32.38677811717223
sMape_30 = 7.831841670198919
sMape_31 = 50.92270158539867
sMape_32 = 15.097446877869466
sMape_33 = 13.070630019481655
sMape_34 = 9.702650089552593
sMape_35 = 9.356896587319069
sMape_36 = 8.121673748621133
sMape_37 = 9.335773505569172
sMape_38 = 17.40493052993842
sMape_39 = 9.505355960193889
sMape_40 = 9.468853472922941
sMape_41 = 18.570621231151545
sMape_42 = 12.875538162300487
sMape_43 = 39.48539574008414
sMape_44 = 25.438842809649774
sMape_45 = 29.70496801021391
sMape_46 = 33.48816626623543
sMape_47 = 25.25996872430232
sMape_48 = 18.879911409951685
sMape_49 = 28.5370797650257
sMape_50 = 10.219421583548861
sMape_51 = 14.26482315264538
sMape_52 = 9.01743906189621
sMape_53 = 6.973049557218597
sMape_54 = 22.732434099991046
sMape_55 = 7.0635147110624015
sMape_56 = 5.650997295720303
sMape_57 = 5.328997914710916
sMape_58 = 11.703437665728817
sMape_59 = 66.90868399804948
sMape_60 = 8.902032870543406
sMape_61 = 13.206939586104038
sMape_62 = 29.925229602609804
sMape_63 = 15.837918125179485
sMape_64 = 8.08277098294528
sMape_65 = 18.129121475605764
sMape_66 = 5.757310579588817
sMape_67 = 27.776746206267227
sMape_68 = 9.440565186296704
sMape_69 = 64.95288386364
sMape_70 = 36.038747895867104
sMape_71 = 29.966611189000925
sMape_72 = 8.324422331661536
sMape_73 = 28.08793466116233
sMape_74 = 14.262710237999709
sMape_75 = 7.700820544623696
sMape_76 = 12.913789926543535
sMape_77 = 1.66454792047276
sMape_78 = 11.263346311484316
sMape_79 = 11.452947374465655
sMape_80 = 9.86437557726064
sMape_81 = 40.678058327621535
sMape_82 = 29.09230380343034
sMape_83 = 16.452843903072896
sMape_84 = 2.6880024923886863
sMape_85 = 11.778060547023227
sMape_86 = 29.409217946493644
sMape_87 = 14.00204464819946
sMape_88 = 6.697771848590055
sMape_89 = 9.33448405121352
sMape_90 = 8.937895980276647
sMape_91 = 1.6506099292396468
sMape_92 = 3.0471851575960955
sMape_93 = 68.97282439609587
sMape_94 = 9.1005668625389
sMape_95 = 41.74935668177491
sMape_96 = 38.69660557864513
sMape_97 = 10.534200318645228
sMape_98 = 28.065038048240808
sMape_99 = 19.04740187523951
sMape_100 = 4.9017922765209585
sMape_101 = 4.978102296150757
sMape_102 = 34.80829220864617
sMape_103 = 101.01639339945243
sMape_104 = 27.31730205593033
sMape_105 = 3.39330171480837
sMape_106 = 4.517129355592669
sMape_107 = 4.356854779199645
sMape_108 = 28.902362068648674
sMape_109 = 11.691568292474505
sMape_110 = 82.85218667830864
sMape_111 = 19.947855934419042
