Mean over all sMapes = 12.055687467749161
sMape_1 = 2.8465483886397496
sMape_2 = 1.2574776264719916
sMape_3 = 5.264571634574431
sMape_4 = 3.908812627648136
sMape_5 = 8.64473383770374
sMape_6 = 8.090661732178779
sMape_7 = 1.717136650626322
sMape_8 = 1.1030116743392027
sMape_9 = 3.9260172050689426
sMape_10 = 5.518997064753834
sMape_11 = 1.11115893064401
sMape_12 = 2.148820353485969
sMape_13 = 9.117184698349078
sMape_14 = 8.661884497184868
sMape_15 = 14.646125383026689
sMape_16 = 7.963432744531692
sMape_17 = 16.384691258499984
sMape_18 = 12.396805942383041
sMape_19 = 5.646850044082103
sMape_20 = 8.148569442379031
sMape_21 = 26.496630743931686
sMape_22 = 14.396883875466933
sMape_23 = 9.8472608107095
sMape_24 = 10.027880356131371
sMape_25 = 7.3886536842036925
sMape_26 = 7.647416214056479
sMape_27 = 13.112542462764385
sMape_28 = 10.890618766565103
sMape_29 = 15.629198025147852
sMape_30 = 12.18077070716645
sMape_31 = 7.976499820417643
sMape_32 = 4.2112224641901985
sMape_33 = 13.122062867955767
sMape_34 = 11.195404306612817
sMape_35 = 6.2796341427302655
sMape_36 = 7.9345939023474505
sMape_37 = 18.045949614376212
sMape_38 = 6.7701847732293245
sMape_39 = 25.24658215959854
sMape_40 = 8.82664720760411
sMape_41 = 16.43950721955342
sMape_42 = 18.626387749207204
sMape_43 = 7.9809812415424535
sMape_44 = 5.045693518601625
sMape_45 = 17.443573479992168
sMape_46 = 15.370118103555777
sMape_47 = 5.166060080748932
sMape_48 = 14.773204136688516
sMape_49 = 1.9365068242528563
sMape_50 = 1.9197813825641379
sMape_51 = 10.664568878099384
sMape_52 = 31.901665816372706
sMape_53 = 0.6107733351954381
sMape_54 = 0.2142576619789424
sMape_55 = 0.26366969422548414
sMape_56 = 17.902642403154243
sMape_57 = 21.962256965619762
sMape_58 = 37.49514793020326
sMape_59 = 6.890560949554929
sMape_60 = 14.035887811919102
sMape_61 = 17.97328131032325
sMape_62 = 32.58694010512394
sMape_63 = 50.88046328137311
sMape_64 = 60.88276695670086
sMape_65 = 7.097072112754729
sMape_66 = 12.407017877684993
sMape_67 = 12.027516291350238
sMape_68 = 1.624414658142807
sMape_69 = 20.77749834225165
sMape_70 = 3.807916123315435
sMape_71 = 15.145284900741993
sMape_72 = 20.425951893368865
