Mean over all sMapes = 4.945732686480586
sMape_1 = 1.6132758090202346
sMape_2 = 2.0300266904588247
sMape_3 = 4.500771447002344
sMape_4 = 5.7781448703628415
sMape_5 = 10.806444615558686
