Mean over all sMapes = 14.716581677197015
sMape_1 = 14.722837036559861
sMape_2 = 15.791717562105188
sMape_3 = 13.635190432925995
