Mean over all sMapes = 14.85188842799073
sMape_1 = 14.754398756331769
sMape_2 = 15.869273136954561
sMape_3 = 13.931993390685863
