Mean over all sMapes = 15.036861106393232
sMape_1 = 14.90931783180352
sMape_2 = 15.900816246736248
sMape_3 = 14.300449240639928
