Mean over all sMapes = 20.077887049988533
sMape_1 = 9.243570773623611
sMape_2 = 7.2507585495257585
sMape_3 = 16.127703334661554
sMape_4 = 26.09414670358484
sMape_5 = 19.481091537926684
sMape_6 = 36.62978460677047
sMape_7 = 8.45509925034123
sMape_8 = 1.0624843343803594
sMape_9 = 11.994826722975416
sMape_10 = 31.60455242164933
sMape_11 = 9.195732157376606
sMape_12 = 19.4838299174049
sMape_13 = 8.159135628524536
sMape_14 = 15.54835896397361
sMape_15 = 20.23391166345374
sMape_16 = 28.481754911861206
sMape_17 = 20.841182548105376
sMape_18 = 29.963367202656528
sMape_19 = 9.41680752326332
sMape_20 = 8.649042455994149
sMape_21 = 25.641341035787775
sMape_22 = 44.081608254119246
sMape_23 = 12.172775536965364
sMape_24 = 10.26421656537077
sMape_25 = 9.128315478530519
sMape_26 = 7.603233967082794
sMape_27 = 15.491102091426745
sMape_28 = 20.664587681601596
sMape_29 = 21.44606005522288
sMape_30 = 32.78003652475499
sMape_31 = 7.283225818238402
sMape_32 = 4.353133164736037
sMape_33 = 15.397632500197936
sMape_34 = 37.13506228612265
sMape_35 = 6.638873263101081
sMape_36 = 10.136407961653886
sMape_37 = 18.981821458122052
sMape_38 = 15.378589170400708
sMape_39 = 25.843009646660946
sMape_40 = 29.196961733013204
sMape_41 = 21.704537847747986
sMape_42 = 34.342180035856025
sMape_43 = 6.340361157528332
sMape_44 = 7.917042349503417
sMape_45 = 19.19180371665843
sMape_46 = 36.50394640718186
sMape_47 = 9.418934733643807
sMape_48 = 23.22900112623269
sMape_49 = 4.0700551357576975
sMape_50 = 0.7529387278365027
sMape_51 = 31.32193727942662
sMape_52 = 22.82885307917856
sMape_53 = 0.6077988250412948
sMape_54 = 0.3520815015451722
sMape_55 = 0.29294769366331536
sMape_56 = 35.210453978010975
sMape_57 = 40.16246936685346
sMape_58 = 16.168383413183914
sMape_59 = 14.869438392269643
sMape_60 = 4.489962931262501
sMape_61 = 53.423609595785415
sMape_62 = 66.95393214802729
sMape_63 = 62.64492858338754
sMape_64 = 83.00372352558621
sMape_65 = 18.650748741889345
sMape_66 = 21.952577653741947
sMape_67 = 7.208534895167797
sMape_68 = 5.424025489421586
sMape_69 = 41.74454083017118
sMape_70 = 14.179502384703971
sMape_71 = 21.89431311705531
sMape_72 = 11.217167534691642
