Mean over all sMapes = 15.35427632355985
sMape_1 = 15.840892249529404
sMape_2 = 16.067630672464706
sMape_3 = 14.154306048685436
