Mean over all sMapes = 17.99018983083692
sMape_1 = 8.655270510443675
sMape_2 = 5.04814045874369
sMape_3 = 7.6018824979739055
sMape_4 = 8.767115202112493
sMape_5 = 10.716957339899919
sMape_6 = 6.694046687742131
sMape_7 = 10.690412173908282
sMape_8 = 16.51491566603951
sMape_9 = 11.220794078354352
sMape_10 = 10.38191705525671
sMape_11 = 10.940002181074183
sMape_12 = 11.365706828610596
sMape_13 = 6.1190826681035455
sMape_14 = 13.231370200572739
sMape_15 = 8.249657400798466
sMape_16 = 8.403710898054943
sMape_17 = 8.492771824718018
sMape_18 = 8.104120210845087
sMape_19 = 29.55172954923013
sMape_20 = 36.49430329062948
sMape_21 = 11.900187279305323
sMape_22 = 26.950141208414692
sMape_23 = 12.724555032424567
sMape_24 = 17.495644619328168
sMape_25 = 57.52765417714123
sMape_26 = 24.29898516431251
sMape_27 = 14.3451442614246
sMape_28 = 7.316624964521701
sMape_29 = 33.7174711347949
sMape_30 = 7.784879034762065
sMape_31 = 58.02708846886551
sMape_32 = 15.382019325596936
sMape_33 = 13.758302562517782
sMape_34 = 9.489773969233703
sMape_35 = 10.674827810197707
sMape_36 = 10.223706842457602
sMape_37 = 8.90063913272121
sMape_38 = 17.01723642077434
sMape_39 = 9.943309221491806
sMape_40 = 8.45001565907679
sMape_41 = 19.825583672132577
sMape_42 = 13.915897158724807
sMape_43 = 36.20284932047806
sMape_44 = 24.448708141613164
sMape_45 = 30.76195233999892
sMape_46 = 28.68949658132009
sMape_47 = 36.92852036558947
sMape_48 = 19.766777262057175
sMape_49 = 30.733053680464245
sMape_50 = 10.209527526905413
sMape_51 = 14.275528024517389
sMape_52 = 3.593359267824766
sMape_53 = 6.168311360480802
sMape_54 = 16.406546332868995
sMape_55 = 7.750358911082296
sMape_56 = 2.6438329206346243
sMape_57 = 4.2322265965343915
sMape_58 = 10.134351462952731
sMape_59 = 64.70388198797745
sMape_60 = 8.878580033595457
sMape_61 = 15.886080958020438
sMape_62 = 26.287427118443436
sMape_63 = 11.497107185360928
sMape_64 = 7.713986360084979
sMape_65 = 22.59473843462106
sMape_66 = 7.354963822663962
sMape_67 = 20.64658642580694
sMape_68 = 9.065035929819512
sMape_69 = 64.27064469558213
sMape_70 = 31.052955436114726
sMape_71 = 26.10213053872783
sMape_72 = 10.519895269088567
sMape_73 = 18.420188492202293
sMape_74 = 11.633310551027783
sMape_75 = 6.413354585949056
sMape_76 = 11.071331179172011
sMape_77 = 1.2873069346056303
sMape_78 = 12.409568815030298
sMape_79 = 11.362239400733008
sMape_80 = 9.628037988118326
sMape_81 = 35.56153649161878
sMape_82 = 20.260444707546398
sMape_83 = 17.4767571062327
sMape_84 = 3.021905694503274
sMape_85 = 11.976851276678675
sMape_86 = 39.80030898120313
sMape_87 = 14.7581785166227
sMape_88 = 6.128380516789823
sMape_89 = 7.2817890268653205
sMape_90 = 8.484359758213317
sMape_91 = 2.117401285936672
sMape_92 = 3.557057451688169
sMape_93 = 75.40220762255271
sMape_94 = 10.927907467552679
sMape_95 = 42.885915552026674
sMape_96 = 40.264474802479064
sMape_97 = 19.038435763854856
sMape_98 = 28.92763646949732
sMape_99 = 19.206687144299234
sMape_100 = 6.867028957407946
sMape_101 = 2.4965184354395475
sMape_102 = 18.832532556420684
sMape_103 = 51.69865905813632
sMape_104 = 29.110151417933043
sMape_105 = 4.669915774059421
sMape_106 = 4.511614544389341
sMape_107 = 4.571368712541787
sMape_108 = 29.472160132010234
sMape_109 = 11.140102827187784
sMape_110 = 68.4100573272709
sMape_111 = 19.394379762538634
