Mean over all sMapes = 15.052644200318118
sMape_1 = 14.89682164126378
sMape_2 = 15.822844907262667
sMape_3 = 14.438266052427903
