Mean over all sMapes = 22.584764372437697
sMape_1 = 13.950248085337154
sMape_2 = 15.274471880525411
sMape_3 = 13.551086036978624
sMape_4 = 24.25404739160289
sMape_5 = 33.21251767944983
sMape_6 = 29.534986281102555
sMape_7 = 13.637016620593359
sMape_8 = 22.96179427776302
sMape_9 = 22.301681343682862
sMape_10 = 17.255048701774935
sMape_11 = 31.731725957179435
sMape_12 = 22.86664959486045
sMape_13 = 17.307043707061762
sMape_14 = 16.259635610556252
sMape_15 = 17.51684006177739
sMape_16 = 13.597227156053272
sMape_17 = 27.4186398107388
sMape_18 = 19.642670515216707
sMape_19 = 16.680427864473206
sMape_20 = 18.90995313783963
sMape_21 = 15.135354460908692
sMape_22 = 12.65779131964934
sMape_23 = 23.013191752740365
sMape_24 = 23.95756108051297
sMape_25 = 19.2978507037532
sMape_26 = 18.617471980630043
sMape_27 = 24.74445283646249
sMape_28 = 20.434963047115534
sMape_29 = 22.327940415403067
sMape_30 = 29.62942273058643
sMape_31 = 16.959437207171565
sMape_32 = 20.939475803067857
sMape_33 = 26.416217229926435
sMape_34 = 17.930468937287213
sMape_35 = 22.857281315141034
sMape_36 = 28.935302561831694
sMape_37 = 36.96166860074104
sMape_38 = 16.65085020454247
sMape_39 = 19.201599825014167
sMape_40 = 19.06201209923642
sMape_41 = 27.905123134804967
sMape_42 = 16.619829672353575
sMape_43 = 21.084856343299485
sMape_44 = 17.01008748707223
sMape_45 = 22.264159634700516
sMape_46 = 18.913922895151988
sMape_47 = 14.248685765405888
sMape_48 = 28.907865725272803
sMape_49 = 19.852928458229787
sMape_50 = 32.38686100358055
sMape_51 = 23.57350894247649
sMape_52 = 17.90520104299024
sMape_53 = 16.07055606884494
sMape_54 = 27.38868327278813
sMape_55 = 15.700321894678762
sMape_56 = 33.23192353445191
sMape_57 = 18.399028672530235
sMape_58 = 18.36697399875576
sMape_59 = 33.72137915455696
sMape_60 = 64.7888638404946
sMape_61 = 20.910228930078404
sMape_62 = 23.350822370453848
sMape_63 = 20.043422465272627
sMape_64 = 28.450095756769382
sMape_65 = 16.170530149999852
sMape_66 = 20.72729042552191
sMape_67 = 23.176948641344
sMape_68 = 27.342076394940907
sMape_69 = 25.540821760959926
sMape_70 = 14.712279314706015
sMape_71 = 37.572618376693626
sMape_72 = 26.928157803494962
sMape_73 = 19.81326035492209
sMape_74 = 18.732898531088043
sMape_75 = 21.99609932638585
sMape_76 = 15.71359068199012
sMape_77 = 19.209196528047148
sMape_78 = 19.430209642832377
sMape_79 = 18.881769275475676
sMape_80 = 22.594377819556396
sMape_81 = 21.828115883978167
sMape_82 = 18.490095782684243
sMape_83 = 19.5691446684762
sMape_84 = 18.702782853927584
sMape_85 = 24.3634491947396
sMape_86 = 36.882959490609366
sMape_87 = 15.934875453535307
sMape_88 = 46.24546375988438
sMape_89 = 28.541630688380742
sMape_90 = 25.50014844632352
sMape_91 = 23.51589520210151
sMape_92 = 21.26532826248721
sMape_93 = 24.251464020896066
sMape_94 = 22.66028826947939
sMape_95 = 21.27889140340882
sMape_96 = 20.47678834752931
sMape_97 = 28.61558365624773
sMape_98 = 28.03726862455215
sMape_99 = 17.779951588738825
sMape_100 = 18.017799554589157
sMape_101 = 16.225401558059062
sMape_102 = 26.338185267993904
sMape_103 = 25.928605611900224
sMape_104 = 18.189522398857513
sMape_105 = 22.787980278055997
sMape_106 = 16.73647578705078
sMape_107 = 34.615585634228516
sMape_108 = 20.747311768093127
sMape_109 = 11.514691315688122
sMape_110 = 39.875172489724946
sMape_111 = 18.760507159099994
