Mean over all sMapes = 31.2834236634622
sMape_1 = 27.03010656667091
sMape_2 = 27.2135510130187
sMape_3 = 39.606613410696994
