Mean over all sMapes = 12.880963033134378
sMape_1 = 1.5590113197825133
sMape_2 = 1.4478513719372483
sMape_3 = 4.06329789137474
sMape_4 = 4.703588478356038
sMape_5 = 10.514871084015983
sMape_6 = 13.00323795332311
sMape_7 = 2.640634508294414
sMape_8 = 1.1726188131292323
sMape_9 = 3.5880450811939224
sMape_10 = 6.678503174038738
sMape_11 = 0.7700827994598818
sMape_12 = 1.898375469437838
sMape_13 = 8.22680361565737
sMape_14 = 6.693939637275396
sMape_15 = 14.778822628752552
sMape_16 = 8.566606871172118
sMape_17 = 14.138566648032628
sMape_18 = 19.579873743547072
sMape_19 = 7.575437726383363
sMape_20 = 6.9279242055990276
sMape_21 = 18.18497904200296
sMape_22 = 13.730909059027915
sMape_23 = 8.937140916395075
sMape_24 = 8.465128298603332
sMape_25 = 6.928360082614778
sMape_26 = 4.698389017928089
sMape_27 = 9.134079660893285
sMape_28 = 10.764568582637379
sMape_29 = 14.295012810263172
sMape_30 = 15.402135564121577
sMape_31 = 5.17320646062863
sMape_32 = 3.5886956617800414
sMape_33 = 7.998582501711142
sMape_34 = 10.895155046876868
sMape_35 = 4.987275246914905
sMape_36 = 7.4735354372175555
sMape_37 = 12.212906748998266
sMape_38 = 7.092485241079287
sMape_39 = 21.097197151283172
sMape_40 = 9.630970931383665
sMape_41 = 13.279470962080728
sMape_42 = 23.605978889576306
sMape_43 = 8.553488804965394
sMape_44 = 5.652201450045046
sMape_45 = 19.28573200535727
sMape_46 = 16.592476367674458
sMape_47 = 5.898139547915416
sMape_48 = 11.678422525040077
sMape_49 = 4.1334457970682115
sMape_50 = 3.9679976554842677
sMape_51 = 12.061739758134442
sMape_52 = 21.875742323457715
sMape_53 = 0.7687426912365485
sMape_54 = 0.28534737676637423
sMape_55 = 0.4964983053745521
sMape_56 = 26.4616377439387
sMape_57 = 54.398784255328
sMape_58 = 74.48965010645964
sMape_59 = 8.25522006479584
sMape_60 = 21.24167065444448
sMape_61 = 30.86127867722132
sMape_62 = 27.293997185757885
sMape_63 = 58.65245567405132
sMape_64 = 24.398910549335014
sMape_65 = 19.615061322826087
sMape_66 = 13.2082806439032
sMape_67 = 24.411860889752514
sMape_68 = 4.772420098453276
sMape_69 = 7.38914685557483
sMape_70 = 6.474299066687012
sMape_71 = 25.745064237097008
sMape_72 = 12.405369416747995
