Mean over all sMapes = 14.730223832000926
sMape_1 = 14.96641538872229
sMape_2 = 15.595547322516953
sMape_3 = 13.628708784763537
