Mean over all sMapes = 14.857550822955117
sMape_1 = 14.909379993690642
sMape_2 = 15.83347747544514
sMape_3 = 13.82979499972957
