Mean over all sMapes = 12.812212921199222
sMape_1 = 1.5738094880141722
sMape_2 = 1.4417795447416062
sMape_3 = 4.1842350324618
sMape_4 = 4.421646455484484
sMape_5 = 10.543663977691587
sMape_6 = 12.003190092739697
sMape_7 = 3.044404156062472
sMape_8 = 1.1257393173614125
sMape_9 = 3.495119011796547
sMape_10 = 6.822262431450309
sMape_11 = 0.933656497973183
sMape_12 = 1.7785792199783892
sMape_13 = 8.241182858709898
sMape_14 = 6.515261822697734
sMape_15 = 14.636649063911522
sMape_16 = 8.088648445802662
sMape_17 = 13.607385808010022
sMape_18 = 18.703307163485437
sMape_19 = 7.545915719871256
sMape_20 = 6.952369127820539
sMape_21 = 19.44786817920138
sMape_22 = 12.844234156867115
sMape_23 = 9.231041452535043
sMape_24 = 8.581349161073993
sMape_25 = 7.038381651767405
sMape_26 = 4.841766283113885
sMape_27 = 8.918246994243939
sMape_28 = 10.657093591537581
sMape_29 = 14.13269468273459
sMape_30 = 13.878170435855539
sMape_31 = 6.091933273269678
sMape_32 = 3.7025298827604254
sMape_33 = 7.586211249539825
sMape_34 = 10.86997751502684
sMape_35 = 4.931245973108631
sMape_36 = 7.817380822589788
sMape_37 = 12.162134993624463
sMape_38 = 7.028954000012212
sMape_39 = 21.1038564559035
sMape_40 = 9.369118455907293
sMape_41 = 13.439872558803367
sMape_42 = 23.27745257009733
sMape_43 = 8.625664227326215
sMape_44 = 6.390348160764568
sMape_45 = 19.311723400964954
sMape_46 = 16.493252847484314
sMape_47 = 5.895658162270453
sMape_48 = 11.584805202523468
sMape_49 = 2.8055247409345743
sMape_50 = 2.0325987995191785
sMape_51 = 12.061760130459142
sMape_52 = 21.875736368540892
sMape_53 = 0.742180053572927
sMape_54 = 0.28534737676637423
sMape_55 = 0.4964983053745521
sMape_56 = 26.918613412325104
sMape_57 = 54.39275032413284
sMape_58 = 74.43438040613222
sMape_59 = 8.26018536240882
sMape_60 = 21.24354946777367
sMape_61 = 30.98689348008503
sMape_62 = 27.458729609353398
sMape_63 = 59.0023005597379
sMape_64 = 24.499812433330817
sMape_65 = 19.65357278895773
sMape_66 = 13.217172177420137
sMape_67 = 24.414998959415733
sMape_68 = 4.769533278300893
sMape_69 = 7.390707320667171
sMape_70 = 6.474299066687012
sMape_71 = 25.74505235898333
sMape_72 = 12.405361968492079
