Mean over all sMapes = 28.317094387038832
sMape_1 = 32.75654223154249
sMape_2 = 31.832110352499125
sMape_3 = 32.14944697924915
sMape_4 = 23.089337116241854
sMape_5 = 31.144682773273008
sMape_6 = 29.408525663990513
sMape_7 = 29.51201366234223
sMape_8 = 20.46817736459709
sMape_9 = 28.549433731140034
sMape_10 = 24.26067399551282
