Mean over all sMapes = 12.95834706591957
sMape_1 = 1.5581899824705816
sMape_2 = 1.5231513280710833
sMape_3 = 4.063604168282824
sMape_4 = 5.454214119256096
sMape_5 = 10.528474698103661
sMape_6 = 13.207391340916347
sMape_7 = 2.074271755226592
sMape_8 = 1.1090769534074185
sMape_9 = 3.851924727164057
sMape_10 = 8.76778489361355
sMape_11 = 0.8846590587061118
sMape_12 = 1.8307823513133612
sMape_13 = 8.233156674836268
sMape_14 = 6.842700586971652
sMape_15 = 14.875589940286918
sMape_16 = 8.759341576659265
sMape_17 = 14.613645209026618
sMape_18 = 19.796712525513737
sMape_19 = 7.58799627568651
sMape_20 = 6.917557116926552
sMape_21 = 17.42836568061189
sMape_22 = 14.318038798407242
sMape_23 = 8.751936489828498
sMape_24 = 8.94461063968685
sMape_25 = 6.902770407712684
sMape_26 = 4.685455069540512
sMape_27 = 9.469491606503077
sMape_28 = 10.895601706732965
sMape_29 = 14.263587663875171
sMape_30 = 15.818999331719933
sMape_31 = 3.9464748491333106
sMape_32 = 3.5511801011571995
sMape_33 = 8.071479931626637
sMape_34 = 10.94427588624266
sMape_35 = 5.010323523271365
sMape_36 = 7.408113832391631
sMape_37 = 12.283555369958227
sMape_38 = 7.293417979918237
sMape_39 = 21.150753252273656
sMape_40 = 9.816750315179744
sMape_41 = 13.329383265092943
sMape_42 = 23.852235534253264
sMape_43 = 8.754742145546855
sMape_44 = 8.074854423240053
sMape_45 = 19.27910451562162
sMape_46 = 16.513872958494616
sMape_47 = 5.9141659044736015
sMape_48 = 11.689477728107802
sMape_49 = 2.7980728143387856
sMape_50 = 4.8988673463387515
sMape_51 = 12.061705539233625
sMape_52 = 21.87573612839324
sMape_53 = 0.7874143749901575
sMape_54 = 0.28534737676637423
sMape_55 = 0.4964983053745521
sMape_56 = 26.41207387049016
sMape_57 = 54.45742997741873
sMape_58 = 73.74332381132885
sMape_59 = 8.250077791933245
sMape_60 = 21.239144996068724
sMape_61 = 30.854789257658926
sMape_62 = 26.689197156402027
sMape_63 = 57.77435809256708
sMape_64 = 25.55833868032095
sMape_65 = 19.58190765307812
sMape_66 = 13.208624619995577
sMape_67 = 24.40613171871019
sMape_68 = 4.772288294990499
sMape_69 = 7.381650948541396
sMape_70 = 6.474307065306921
sMape_71 = 25.745074419663666
sMape_72 = 12.405384313257073
