Mean over all sMapes = 14.732233461250948
sMape_1 = 1.6510618564541846
sMape_2 = 1.8777735157229247
sMape_3 = 5.237600928996782
sMape_4 = 2.5648008467578096
sMape_5 = 10.879955820120667
sMape_6 = 10.197490769253719
sMape_7 = 3.219320207174402
sMape_8 = 1.126694415197295
sMape_9 = 3.7285157730555185
sMape_10 = 14.79484739432124
sMape_11 = 1.128343354595543
sMape_12 = 3.645122913020591
sMape_13 = 8.271489395793987
sMape_14 = 8.746424717103142
sMape_15 = 13.329935895857778
sMape_16 = 7.088274443600604
sMape_17 = 13.593036938963749
sMape_18 = 17.298653522210007
sMape_19 = 7.620004197078798
sMape_20 = 7.3440405524066
sMape_21 = 20.230777535384327
sMape_22 = 16.300719097333577
sMape_23 = 9.69809899373627
sMape_24 = 7.844319848514276
sMape_25 = 7.134549093692971
sMape_26 = 4.895398980592006
sMape_27 = 8.323360584789173
sMape_28 = 9.646051381494985
sMape_29 = 15.443118190242858
sMape_30 = 14.420403785144478
sMape_31 = 7.436248204158382
sMape_32 = 4.183855695829949
sMape_33 = 10.00179529288266
sMape_34 = 12.430481011636285
sMape_35 = 5.078847092783006
sMape_36 = 8.385298047978171
sMape_37 = 11.946845089996744
sMape_38 = 7.19423312744895
sMape_39 = 21.045450487047503
sMape_40 = 8.869304162137563
sMape_41 = 13.42339014929403
sMape_42 = 21.8246360295045
sMape_43 = 9.052715070531033
sMape_44 = 5.328873589300353
sMape_45 = 19.552063123254207
sMape_46 = 20.706951363717142
sMape_47 = 6.2960544325999885
sMape_48 = 12.766688995658523
sMape_49 = 5.469324238860175
sMape_50 = 1.285828610306017
sMape_51 = 13.04760804523421
sMape_52 = 22.535158731994734
sMape_53 = 4.359497999989969
sMape_54 = 3.033800073647852
sMape_55 = 0.6556222763683724
sMape_56 = 29.823155820569507
sMape_57 = 42.13484513266252
sMape_58 = 80.012845127058
sMape_59 = 36.291290326632925
sMape_60 = 41.614463293331426
sMape_61 = 45.630555028473815
sMape_62 = 56.291438907434475
sMape_63 = 69.4971193797337
sMape_64 = 23.612911680536175
sMape_65 = 20.90999036636579
sMape_66 = 19.92384458523406
sMape_67 = 17.959603291812655
sMape_68 = 17.11775181669605
sMape_69 = 9.511097079339704
sMape_70 = 5.2963360523593375
sMape_71 = 23.438531232360127
sMape_72 = 8.464274198697431
