Mean over all sMapes = 12.991146797563934
sMape_1 = 1.5528700647816356
sMape_2 = 1.5403877845359626
sMape_3 = 4.480873671205143
sMape_4 = 2.6270937648850943
sMape_5 = 11.797084959278521
sMape_6 = 6.670924814795278
sMape_7 = 1.8645772310029234
sMape_8 = 1.0499105452053223
sMape_9 = 4.1056586458642546
sMape_10 = 5.631631223253812
sMape_11 = 0.8043859873919963
sMape_12 = 1.96215754303392
sMape_13 = 8.222514477329288
sMape_14 = 6.462495074266212
sMape_15 = 13.259052169325155
sMape_16 = 6.622170821045153
sMape_17 = 13.01863406630321
sMape_18 = 14.798706620154672
sMape_19 = 7.579947587716214
sMape_20 = 6.715041640723735
sMape_21 = 17.85236823334401
sMape_22 = 13.085849428908238
sMape_23 = 9.126233494999198
sMape_24 = 8.068714614778854
sMape_25 = 6.853099790127011
sMape_26 = 4.807623995060154
sMape_27 = 9.836624065553911
sMape_28 = 9.473418220518885
sMape_29 = 14.831325389162942
sMape_30 = 13.09626660421026
sMape_31 = 3.57648838916141
sMape_32 = 3.623632054187694
sMape_33 = 7.919926949541097
sMape_34 = 12.075958989402459
sMape_35 = 5.036103383467204
sMape_36 = 8.072096078714056
sMape_37 = 12.054279498610844
sMape_38 = 7.128706063391556
sMape_39 = 21.17399426192422
sMape_40 = 9.335509095548288
sMape_41 = 13.331015618188822
sMape_42 = 21.16774594408579
sMape_43 = 8.479760202577062
sMape_44 = 5.558336346019227
sMape_45 = 19.29853187619396
sMape_46 = 17.19562320285314
sMape_47 = 5.416501881358982
sMape_48 = 11.643754318389854
sMape_49 = 1.9286767992729235
sMape_50 = 1.3541650947426376
sMape_51 = 15.864913510798834
sMape_52 = 21.61532788357894
sMape_53 = 0.7512277468951835
sMape_54 = 0.2957266053240081
sMape_55 = 0.6244027722425581
sMape_56 = 25.066952702158478
sMape_57 = 53.708469077964196
sMape_58 = 92.1639294020996
sMape_59 = 9.304999211068287
sMape_60 = 21.28857128227123
sMape_61 = 34.898983082651284
sMape_62 = 24.207575418977466
sMape_63 = 63.08668133623534
sMape_64 = 17.311619132557237
sMape_65 = 21.262643116603037
sMape_66 = 16.18217096999409
sMape_67 = 33.06849632572615
sMape_68 = 10.719758830951564
sMape_69 = 7.107146393423587
sMape_70 = 5.969943842966661
sMape_71 = 27.391096697294827
sMape_72 = 10.303485506428563
