Mean over all sMapes = 14.381195431016437
sMape_1 = 1.6146295014681546
sMape_2 = 1.4157264283079862
sMape_3 = 4.27834573316265
sMape_4 = 2.9101358020875923
sMape_5 = 10.198059557953272
sMape_6 = 11.418379221110381
sMape_7 = 3.1592784596882737
sMape_8 = 1.0205716034258854
sMape_9 = 3.490202623516889
sMape_10 = 6.036871064627628
sMape_11 = 1.0634502143726408
sMape_12 = 2.021324683414145
sMape_13 = 8.524468353802678
sMape_14 = 5.823319513275143
sMape_15 = 13.32219789812979
sMape_16 = 6.481899129418735
sMape_17 = 13.291767119413922
sMape_18 = 15.780482832195203
sMape_19 = 7.680532817510464
sMape_20 = 6.86043938321866
sMape_21 = 19.20838253942292
sMape_22 = 11.359763567167162
sMape_23 = 9.14532921027741
sMape_24 = 9.26636808048457
sMape_25 = 7.47318843264492
sMape_26 = 4.907236662307332
sMape_27 = 7.976848517088052
sMape_28 = 9.967080139501068
sMape_29 = 13.578297993098227
sMape_30 = 12.718800997911103
sMape_31 = 5.993158836016501
sMape_32 = 4.003749038875051
sMape_33 = 8.275001150043305
sMape_34 = 9.778124076413803
sMape_35 = 4.972223093597452
sMape_36 = 8.52897926220381
sMape_37 = 12.283931267580602
sMape_38 = 7.033749435279939
sMape_39 = 21.409002291267008
sMape_40 = 8.952072114599828
sMape_41 = 13.360628201101019
sMape_42 = 21.288122559318186
sMape_43 = 9.090368939963838
sMape_44 = 7.076056921147768
sMape_45 = 19.70087205027239
sMape_46 = 15.726786435855097
sMape_47 = 5.973384107320837
sMape_48 = 11.494928808672444
sMape_49 = 2.8295933495493317
sMape_50 = 1.2409547660171594
sMape_51 = 21.908250831585985
sMape_52 = 23.33899922548424
sMape_53 = 3.0144422199705603
sMape_54 = 2.0102023313138564
sMape_55 = 0.6242974046938365
sMape_56 = 27.64251410109873
sMape_57 = 48.74034733222406
sMape_58 = 82.99006387962118
sMape_59 = 52.01901778589563
sMape_60 = 31.263442523447498
sMape_61 = 43.482653310586585
sMape_62 = 33.21222897249078
sMape_63 = 79.16274241969687
sMape_64 = 21.546014839038715
sMape_65 = 21.181743369724877
sMape_66 = 16.75240199390745
sMape_67 = 30.85002101335954
sMape_68 = 14.270066766934688
sMape_69 = 11.254921660935773
sMape_70 = 5.209404578175878
sMape_71 = 25.447278969468968
sMape_72 = 8.51995071842956
