Mean over all sMapes = 14.76767937814086
sMape_1 = 14.674996023773005
sMape_2 = 15.846415422570212
sMape_3 = 13.781626688079363
