Mean over all sMapes = 15.010809065525772
sMape_1 = 15.060884928276899
sMape_2 = 15.863302004118232
sMape_3 = 14.108240264182188
