Mean over all sMapes = 14.347012185327417
sMape_1 = 1.7448833110017148
sMape_2 = 1.4589819790840959
sMape_3 = 4.4782217386418
sMape_4 = 2.813133745450831
sMape_5 = 11.645653006355484
sMape_6 = 10.96086140166221
sMape_7 = 3.9203786311954647
sMape_8 = 1.1998307999015223
sMape_9 = 3.520986459673977
sMape_10 = 5.987740914767719
sMape_11 = 0.9706856867067737
sMape_12 = 1.987312769157697
sMape_13 = 8.448409937948218
sMape_14 = 6.490717726041216
sMape_15 = 13.230010402185869
sMape_16 = 6.406715859188802
sMape_17 = 12.863790982086384
sMape_18 = 16.121407625087116
sMape_19 = 7.557617508482109
sMape_20 = 7.034262134144563
sMape_21 = 19.740094897051065
sMape_22 = 11.199571964009005
sMape_23 = 9.160204749675676
sMape_24 = 8.31617474192988
sMape_25 = 7.419633315822514
sMape_26 = 4.823870647748777
sMape_27 = 8.348821604613468
sMape_28 = 9.81722191746379
sMape_29 = 13.409575113405412
sMape_30 = 13.315905816115578
sMape_31 = 6.074024008591986
sMape_32 = 3.968978569911983
sMape_33 = 8.331501477095125
sMape_34 = 9.72083108547827
sMape_35 = 4.943918601984308
sMape_36 = 8.563538103941422
sMape_37 = 12.110603051935072
sMape_38 = 7.060111629076875
sMape_39 = 21.48316937273782
sMape_40 = 8.63617250040943
sMape_41 = 13.706340453670387
sMape_42 = 21.28197249998165
sMape_43 = 8.977699249515398
sMape_44 = 5.950186578019976
sMape_45 = 19.64947921876181
sMape_46 = 15.350269843949713
sMape_47 = 6.1272800810482755
sMape_48 = 11.946752581583652
sMape_49 = 3.112135124297961
sMape_50 = 1.2783747043522162
sMape_51 = 21.91616511782325
sMape_52 = 22.545146332978625
sMape_53 = 3.1341002633093398
sMape_54 = 1.9712148580033162
sMape_55 = 0.6252031322656716
sMape_56 = 28.8906978770981
sMape_57 = 48.44242478206747
sMape_58 = 80.49547199941922
sMape_59 = 50.052902791592466
sMape_60 = 31.37579679872938
sMape_61 = 41.487034543676195
sMape_62 = 36.8888571293154
sMape_63 = 79.53994245337785
sMape_64 = 17.090759167780632
sMape_65 = 20.643494470399084
sMape_66 = 22.825811602755415
sMape_67 = 29.53336724261055
sMape_68 = 14.649013148124288
sMape_69 = 10.994645653926206
sMape_70 = 5.347772771043918
sMape_71 = 23.72812423222905
sMape_72 = 8.14091485210649
