Mean over all sMapes = 14.870382562787173
sMape_1 = 14.225379596522322
sMape_2 = 15.97520419134353
sMape_3 = 14.410563900495669
