Mean over all sMapes = 13.796007382654473
sMape_1 = 1.5677836708697535
sMape_2 = 1.720278083299659
sMape_3 = 4.247647238700713
sMape_4 = 2.952528788787854
sMape_5 = 10.534032794469187
sMape_6 = 12.935144860108089
sMape_7 = 1.976121751141358
sMape_8 = 0.9350695052488348
sMape_9 = 3.8585851936485476
sMape_10 = 13.426434588436967
sMape_11 = 0.9644884773028427
sMape_12 = 2.034454668618747
sMape_13 = 8.229108036778909
sMape_14 = 6.814882539718107
sMape_15 = 12.951511486427094
sMape_16 = 8.849916759309611
sMape_17 = 14.887588855396148
sMape_18 = 15.8962702701167
sMape_19 = 7.625372261509549
sMape_20 = 6.893666796205637
sMape_21 = 16.57149878095218
sMape_22 = 15.116886491145252
sMape_23 = 9.548585311338282
sMape_24 = 8.513007853470377
sMape_25 = 7.176103857481721
sMape_26 = 4.971725215286128
sMape_27 = 9.64607103771616
sMape_28 = 10.951388413323249
sMape_29 = 14.191869121876119
sMape_30 = 14.098676466356194
sMape_31 = 7.314359060329746
sMape_32 = 5.691534659668521
sMape_33 = 8.180637540500827
sMape_34 = 10.932770431014836
sMape_35 = 5.598364654088274
sMape_36 = 7.27232020063768
sMape_37 = 11.91386865527746
sMape_38 = 7.048292521379447
sMape_39 = 21.397467394430794
sMape_40 = 8.748251321577742
sMape_41 = 13.297508937998373
sMape_42 = 22.102338067732564
sMape_43 = 8.801874890570861
sMape_44 = 9.542667971703137
sMape_45 = 19.2784986963443
sMape_46 = 15.785037069267565
sMape_47 = 6.276907541864352
sMape_48 = 11.54790309562683
sMape_49 = 2.6361411623785904
sMape_50 = 2.0845971091505193
sMape_51 = 17.070665068256044
sMape_52 = 22.210154449648858
sMape_53 = 0.805257257062668
sMape_54 = 2.702156631115803
sMape_55 = 0.4964983053745521
sMape_56 = 26.463914513145397
sMape_57 = 44.449249569398724
sMape_58 = 87.40608040664112
sMape_59 = 8.247575510317077
sMape_60 = 21.23863976497138
sMape_61 = 47.33959096195852
sMape_62 = 28.74983528626079
sMape_63 = 57.84971400409141
sMape_64 = 34.38479527185801
sMape_65 = 18.611379544055037
sMape_66 = 16.546905588995177
sMape_67 = 34.45552327393286
sMape_68 = 10.161001566075976
sMape_69 = 13.336753933292695
sMape_70 = 6.653065162728867
sMape_71 = 26.1903435638485
sMape_72 = 12.405391761510238
