Mean over all sMapes = 34.821533938517625
sMape_1 = 26.920609151604502
sMape_2 = 27.295577221530987
sMape_3 = 39.4199293231453
sMape_4 = 40.8395516204112
sMape_5 = 49.375746631832534
sMape_6 = 48.50104736881436
sMape_7 = 26.72936887016159
sMape_8 = 45.52666898430774
sMape_9 = 28.096064556147905
sMape_10 = 27.52777301737432
sMape_11 = 37.14858942013367
sMape_12 = 31.267112238133706
sMape_13 = 31.723022672550076
sMape_14 = 25.93942400584704
sMape_15 = 43.31105283268893
sMape_16 = 37.97620905864263
sMape_17 = 40.51618189066396
sMape_18 = 36.33480522976457
sMape_19 = 41.74318426717765
sMape_20 = 24.788293301377667
sMape_21 = 26.429805368820357
sMape_22 = 25.922639528361408
sMape_23 = 47.018104308094465
sMape_24 = 39.32305674777273
sMape_25 = 30.46265473115169
sMape_26 = 29.761407775387543
sMape_27 = 28.45198311833826
sMape_28 = 36.47094567344115
sMape_29 = 38.10122881427404
sMape_30 = 52.359926439242
sMape_31 = 33.344746858568065
sMape_32 = 35.587615624336976
sMape_33 = 44.22245890252543
sMape_34 = 33.64775767666893
sMape_35 = 48.80250380844179
sMape_36 = 47.671813210338684
sMape_37 = 58.17648754499398
sMape_38 = 28.827236674251232
sMape_39 = 28.58882540730271
sMape_40 = 24.970080490424024
sMape_41 = 44.88341072876509
sMape_42 = 32.669442485172624
sMape_43 = 26.154800027716206
sMape_44 = 33.16316391035162
sMape_45 = 36.616155980664665
sMape_46 = 27.0879646167629
sMape_47 = 26.960096847571936
sMape_48 = 45.03626563581176
sMape_49 = 37.7390747718548
sMape_50 = 37.14801762499215
sMape_51 = 36.40788620162536
sMape_52 = 53.099125899621235
sMape_53 = 25.41837452218308
sMape_54 = 34.078171396159
sMape_55 = 30.570358938047242
sMape_56 = 40.558872241526785
sMape_57 = 27.952483746201
sMape_58 = 40.16741452863265
sMape_59 = 42.770446412779734
sMape_60 = 43.03040377298041
sMape_61 = 33.01831776693891
sMape_62 = 40.03956475662914
sMape_63 = 32.348949145982715
sMape_64 = 44.797952554750495
sMape_65 = 32.57341808085697
sMape_66 = 37.54151417822208
sMape_67 = 24.405814813827817
sMape_68 = 29.121422496648925
sMape_69 = 45.65149332974206
sMape_70 = 28.21866184761651
sMape_71 = 38.12664707281066
sMape_72 = 35.97495293038531
sMape_73 = 44.237736268231735
sMape_74 = 29.610472656831714
sMape_75 = 41.01349853394581
sMape_76 = 25.260611917529292
sMape_77 = 21.948006355748294
sMape_78 = 24.669364122101832
sMape_79 = 34.887406765838975
sMape_80 = 33.76310994288895
sMape_81 = 35.633716709846894
sMape_82 = 31.43330441494546
sMape_83 = 39.033687451218306
sMape_84 = 23.63477862771331
sMape_85 = 43.34992349640782
sMape_86 = 40.570567024619095
sMape_87 = 36.75784213880014
sMape_88 = 46.26576862814389
sMape_89 = 35.6481441949494
sMape_90 = 35.72382161457704
sMape_91 = 28.979087459752588
sMape_92 = 31.310966412670123
sMape_93 = 23.932612077240222
sMape_94 = 30.63381392624652
sMape_95 = 22.788994641534842
sMape_96 = 30.05667615633746
sMape_97 = 31.63128893437787
sMape_98 = 33.87324916981171
sMape_99 = 25.54047710977607
sMape_100 = 30.364274329397755
sMape_101 = 20.003840533209928
sMape_102 = 45.47344101742676
sMape_103 = 22.825800750123573
sMape_104 = 35.91168121154319
sMape_105 = 29.53921825817124
sMape_106 = 31.975283757120344
sMape_107 = 42.98547833978071
sMape_108 = 30.525700370457802
sMape_109 = 32.35666630020101
sMape_110 = 33.76788467993858
sMape_111 = 34.81994124712147
