Mean over all sMapes = 14.76042881729502
sMape_1 = 14.761921490581356
sMape_2 = 15.869104712897064
sMape_3 = 13.650260248406637
