Mean over all sMapes = 2.9145311048457136
sMape_1 = 0.29003342320207104
sMape_2 = 0.386239925413612
sMape_3 = 2.4139761332183736
sMape_4 = 0.36269610085576615
sMape_5 = 3.1260689986728365
sMape_6 = 0.69851704682956
sMape_7 = 0.4590727277257854
sMape_8 = 0.5570435814930431
sMape_9 = 0.8646672254994014
sMape_10 = 1.7428453574430447
sMape_11 = 0.185892300679976
sMape_12 = 0.5416217672733146
sMape_13 = 1.2007024260462034
sMape_14 = 1.435651733727291
sMape_15 = 3.2034594184931966
sMape_16 = 1.0460298183453505
sMape_17 = 5.605756066508422
sMape_18 = 3.3776943527523446
sMape_19 = 0.49429094765362136
sMape_20 = 1.152667569691964
sMape_21 = 0.4199368743784914
sMape_22 = 1.064260995215938
sMape_23 = 0.3136615865877254
sMape_24 = 0.5645922276836759
sMape_25 = 3.0448634567219153
sMape_26 = 1.4135849924967427
sMape_27 = 2.8090719451210795
sMape_28 = 1.7582860804290164
sMape_29 = 4.480097171683128
sMape_30 = 5.575228332614332
sMape_31 = 0.8609379317893329
sMape_32 = 0.6779064837585905
sMape_33 = 0.5202104193806347
sMape_34 = 2.9752995464517635
sMape_35 = 1.560172980541822
sMape_36 = 2.198379897636787
sMape_37 = 2.3876092991500735
sMape_38 = 1.7167003660842648
sMape_39 = 4.3756083235267855
sMape_40 = 2.36891293195482
sMape_41 = 4.938543854805961
sMape_42 = 4.068322866650471
sMape_43 = 3.4972889913646554
sMape_44 = 0.823433947969814
sMape_45 = 7.57954805033684
sMape_46 = 2.241284700402071
sMape_47 = 0.9532738129070681
sMape_48 = 2.030673244888146
sMape_49 = 0.6920103605848801
sMape_50 = 0.59269637664173
sMape_51 = 1.4735416029060262
sMape_52 = 5.007608998090326
sMape_53 = 0.090283260851138
sMape_54 = 0.06610195637397684
sMape_55 = 0.14329262751846503
sMape_56 = 5.541135781033392
sMape_57 = 10.948559273301374
sMape_58 = 3.307359005020504
sMape_59 = 3.984092468665066
sMape_60 = 2.843858464316078
sMape_61 = 1.5698543046467646
sMape_62 = 7.963153359604842
sMape_63 = 19.961081052018205
sMape_64 = 15.51368939566814
sMape_65 = 3.44352623973419
sMape_66 = 1.4979063511241628
sMape_67 = 8.49287794142074
sMape_68 = 1.5214001849749506
sMape_69 = 3.290812067240325
sMape_70 = 2.694965305277713
sMape_71 = 9.056620368993332
sMape_72 = 3.787194568827932
