Mean over all sMapes = 14.921056374481488
sMape_1 = 14.700912899922539
sMape_2 = 15.813401589375903
sMape_3 = 14.24885463414602
