Mean over all sMapes = 17.967756822725946
sMape_1 = 8.655270510443675
sMape_2 = 5.048151751911818
sMape_3 = 8.678153409105366
sMape_4 = 8.01809672712582
sMape_5 = 10.581871430962773
sMape_6 = 6.912669997936488
sMape_7 = 10.451799293386957
sMape_8 = 16.874240600394057
sMape_9 = 11.225539608426528
sMape_10 = 11.16131036209646
sMape_11 = 11.315621832201565
sMape_12 = 10.556724994066965
sMape_13 = 5.778342971274866
sMape_14 = 14.144875392965966
sMape_15 = 8.177414437029345
sMape_16 = 8.40357681277073
sMape_17 = 8.49470289936989
sMape_18 = 8.127164630964764
sMape_19 = 27.1079132914503
sMape_20 = 29.86237202301123
sMape_21 = 12.371613550164811
sMape_22 = 18.149306259790688
sMape_23 = 12.435354998426988
sMape_24 = 17.43492051141199
sMape_25 = 56.31945531797919
sMape_26 = 24.597746315469948
sMape_27 = 14.29790144749391
sMape_28 = 7.143167244041887
sMape_29 = 33.26694227905288
sMape_30 = 7.777311688180827
sMape_31 = 50.86939492260962
sMape_32 = 15.163881489302316
sMape_33 = 13.800484745356073
sMape_34 = 9.51545011343013
sMape_35 = 10.738731908356186
sMape_36 = 10.21915639358354
sMape_37 = 7.9642049898752605
sMape_38 = 17.191188579558048
sMape_39 = 9.537838102915646
sMape_40 = 8.447420728306682
sMape_41 = 20.483442860224205
sMape_42 = 14.503371403703744
sMape_43 = 41.30769978816817
sMape_44 = 25.19753579699122
sMape_45 = 31.195556399998836
sMape_46 = 31.318580187367523
sMape_47 = 31.897628219273532
sMape_48 = 19.843556978339123
sMape_49 = 30.664522371787328
sMape_50 = 9.596569302569842
sMape_51 = 14.262619619823141
sMape_52 = 3.5375314697245863
sMape_53 = 6.155087917606457
sMape_54 = 16.58872496572889
sMape_55 = 7.739920887229262
sMape_56 = 3.6567000350440826
sMape_57 = 4.256964669818625
sMape_58 = 10.165192173412429
sMape_59 = 67.60023135724266
sMape_60 = 8.680499097715394
sMape_61 = 14.35305547542019
sMape_62 = 26.07163890042623
sMape_63 = 11.665429363078147
sMape_64 = 8.863813825210183
sMape_65 = 18.91939400195953
sMape_66 = 8.61868722749891
sMape_67 = 20.578100030167327
sMape_68 = 9.116706328022774
sMape_69 = 66.09517302964348
sMape_70 = 31.199424038088498
sMape_71 = 26.636356836102937
sMape_72 = 10.571171639322563
sMape_73 = 17.29605429937509
sMape_74 = 15.237350314350904
sMape_75 = 7.03201149744654
sMape_76 = 12.225114172668466
sMape_77 = 0.9101247211919575
sMape_78 = 12.208979923839854
sMape_79 = 12.279236204808813
sMape_80 = 9.709324708260064
sMape_81 = 35.114432967786925
sMape_82 = 18.35853974337737
sMape_83 = 18.38263175614684
sMape_84 = 4.006813326825121
sMape_85 = 11.971998066983337
sMape_86 = 39.707372773213145
sMape_87 = 14.168269171878443
sMape_88 = 6.174672072153797
sMape_89 = 7.3267247197592615
sMape_90 = 8.214332833685303
sMape_91 = 2.347958972596451
sMape_92 = 4.83472650309849
sMape_93 = 74.40679937260545
sMape_94 = 10.71009246350099
sMape_95 = 50.62093272016146
sMape_96 = 40.21266365799587
sMape_97 = 19.543451348367814
sMape_98 = 28.63343916520311
sMape_99 = 18.68295530956666
sMape_100 = 6.445148273764782
sMape_101 = 2.338551984844316
sMape_102 = 17.98182640555811
sMape_103 = 56.09596244392899
sMape_104 = 26.340578700478794
sMape_105 = 4.779608560988361
sMape_106 = 4.51355103115815
sMape_107 = 4.455412289826195
sMape_108 = 30.818087629450254
sMape_109 = 9.70417442355767
sMape_110 = 73.02387408774966
sMape_111 = 19.449057945515325
