Mean over all sMapes = 12.415821504230951
sMape_1 = 1.9234148215271247
sMape_2 = 1.2946694706518977
sMape_3 = 5.430185707519666
sMape_4 = 5.004204644281045
sMape_5 = 7.875644104363546
sMape_6 = 8.534406184196776
sMape_7 = 1.6670189064772603
sMape_8 = 1.5941849100618029
sMape_9 = 3.914774372828742
sMape_10 = 4.94782678095291
sMape_11 = 0.9854060754604717
sMape_12 = 2.2642994541899673
sMape_13 = 8.867402073615079
sMape_14 = 8.408039802525856
sMape_15 = 17.678885980107406
sMape_16 = 6.912822669122508
sMape_17 = 16.576303683773833
sMape_18 = 17.170762200443114
sMape_19 = 5.977327246903457
sMape_20 = 8.088289240355827
sMape_21 = 24.706144051912194
sMape_22 = 10.176469331641957
sMape_23 = 12.067504767183719
sMape_24 = 9.826831128471202
sMape_25 = 7.2733312454666565
sMape_26 = 5.201011243828862
sMape_27 = 16.46501649673443
sMape_28 = 10.986317703284818
sMape_29 = 15.351969448202771
sMape_30 = 11.4697721246192
sMape_31 = 11.499921059384027
sMape_32 = 7.066574088248403
sMape_33 = 8.499612517338308
sMape_34 = 10.911132086978597
sMape_35 = 4.0896670985904455
sMape_36 = 7.839858246527323
sMape_37 = 15.324200471354748
sMape_38 = 7.455069281346899
sMape_39 = 24.811742922874377
sMape_40 = 23.130422089499003
sMape_41 = 15.696880035039088
sMape_42 = 20.35698868253654
sMape_43 = 8.4612244114859
sMape_44 = 6.176814544768194
sMape_45 = 23.95263897855386
sMape_46 = 16.099531089402994
sMape_47 = 13.300648193492412
sMape_48 = 11.841632032330045
sMape_49 = 2.1236798015007126
sMape_50 = 2.173757738110801
sMape_51 = 8.767588890660921
sMape_52 = 28.313090272353485
sMape_53 = 0.5703701728097293
sMape_54 = 0.24612624960461035
sMape_55 = 0.23314181813896034
sMape_56 = 17.90319305292175
sMape_57 = 17.05946627324612
sMape_58 = 27.793845752391892
sMape_59 = 7.285061530879848
sMape_60 = 14.017002923149322
sMape_61 = 25.1974681553624
sMape_62 = 43.0259829278972
sMape_63 = 44.9635260335721
sMape_64 = 76.60510425862307
sMape_65 = 7.577514980598814
sMape_66 = 8.384185023721596
sMape_67 = 14.809569233781907
sMape_68 = 1.537950938698201
sMape_69 = 15.638772945146147
sMape_70 = 2.0510716121512846
sMape_71 = 12.11746849675797
sMape_72 = 20.38941552209439
