Mean over all sMapes = 14.726453122698231
sMape_1 = 14.433001958595359
sMape_2 = 16.21276073253486
sMape_3 = 13.533596676964473
