Mean over all sMapes = 14.799119796561277
sMape_1 = 15.047006384562827
sMape_2 = 15.624788833677222
sMape_3 = 13.72556417144378
