Mean over all sMapes = 4.469204880319553
sMape_1 = 1.567313911696443
sMape_2 = 1.4428419935336458
sMape_3 = 3.9824159087270288
sMape_4 = 4.816403716322295
sMape_5 = 10.537048871318351
