Mean over all sMapes = 3.7879490036065904
sMape_1 = 1.8640536853619618
sMape_2 = 1.556663529077777
sMape_3 = 4.272722066057916
sMape_4 = 2.784562583595394
sMape_5 = 8.461743153939903
optimizer sgd