Mean over all sMapes = 4.384549313588076
sMape_1 = 1.57523646418184
sMape_2 = 1.454302696892672
sMape_3 = 4.399772187618558
sMape_4 = 3.9481397046316653
sMape_5 = 10.545295514615647
