Mean over all sMapes = 4.339003144305496
sMape_1 = 2.085242251549942
sMape_2 = 1.6797049602317555
sMape_3 = 5.549688495081936
sMape_4 = 3.078858654546601
sMape_5 = 9.301521360117249
