Mean over all sMapes = 12.603370522795753
sMape_1 = 1.8563412777398234
sMape_2 = 2.033146785664741
sMape_3 = 5.265334038676247
sMape_4 = 2.9712576808820104
sMape_5 = 11.208039062544668
sMape_6 = 6.492045255077566
sMape_7 = 1.6729172091385298
sMape_8 = 0.9865164315415599
sMape_9 = 4.163385030586234
sMape_10 = 11.358877389419494
sMape_11 = 1.6003324013523261
sMape_12 = 2.7821046906077744
sMape_13 = 6.85655563464138
sMape_14 = 6.759170512502282
sMape_15 = 14.23331140229276
sMape_16 = 7.29562816151263
sMape_17 = 13.118860284832055
sMape_18 = 16.300867703794736
sMape_19 = 7.6760798969394095
sMape_20 = 6.931854374778844
sMape_21 = 18.165014346430322
sMape_22 = 11.349992774914286
sMape_23 = 8.669892904668384
sMape_24 = 7.8366657494465874
sMape_25 = 6.907765644758086
sMape_26 = 4.583521364730121
sMape_27 = 9.610084677005219
sMape_28 = 7.689351765872832
sMape_29 = 15.949327503519648
sMape_30 = 13.507034928800591
sMape_31 = 3.5703146463982773
sMape_32 = 3.578041326523889
sMape_33 = 7.876252910592206
sMape_34 = 10.443430400567914
sMape_35 = 5.065253038637209
sMape_36 = 6.337366845156417
sMape_37 = 12.401579211895344
sMape_38 = 7.558675217366743
sMape_39 = 21.58360627453574
sMape_40 = 9.904516738166388
sMape_41 = 13.318185878943407
sMape_42 = 20.486091808803042
sMape_43 = 8.405821810587604
sMape_44 = 4.905633586792039
sMape_45 = 19.033698829402542
sMape_46 = 18.151596826419368
sMape_47 = 6.425774632296691
sMape_48 = 12.154303196781274
sMape_49 = 1.7616224660826698
sMape_50 = 1.31441029255814
sMape_51 = 10.124840301160297
sMape_52 = 20.45100365981649
sMape_53 = 0.703176885118022
sMape_54 = 0.33989097046106737
sMape_55 = 0.6462928659722235
sMape_56 = 23.974406777485292
sMape_57 = 54.67252289968142
sMape_58 = 68.15467938455232
sMape_59 = 18.03834515525332
sMape_60 = 28.499856806361905
sMape_61 = 26.751115712323863
sMape_62 = 23.315227460579617
sMape_63 = 71.20692992092155
sMape_64 = 19.186375298208056
sMape_65 = 21.862484344262004
sMape_66 = 20.229625861988843
sMape_67 = 13.424134409079166
sMape_68 = 5.973163063851373
sMape_69 = 6.535901028436784
sMape_70 = 5.976916399387004
sMape_71 = 24.448608968947735
sMape_72 = 12.819726644267856
