Mean over all sMapes = 14.811371173962831
sMape_1 = 14.909392671675443
sMape_2 = 15.833510907158225
sMape_3 = 13.691209943054824
