Mean over all sMapes = 13.05520415472837
sMape_1 = 1.5462350397535156
sMape_2 = 1.5642222303311606
sMape_3 = 4.16750008647782
sMape_4 = 2.582280611987219
sMape_5 = 11.535154308051053
sMape_6 = 6.374203638425156
sMape_7 = 1.848814767675426
sMape_8 = 1.0325599561703749
sMape_9 = 4.095629773220243
sMape_10 = 6.423175273865706
sMape_11 = 0.9690114001132439
sMape_12 = 1.9229591262575636
sMape_13 = 8.113258282586914
sMape_14 = 6.706922163384729
sMape_15 = 13.293204375385084
sMape_16 = 7.113962974151565
sMape_17 = 13.004888036802868
sMape_18 = 16.03526615992604
sMape_19 = 7.579474455964359
sMape_20 = 6.853031013882522
sMape_21 = 17.8285376576489
sMape_22 = 14.37360576847944
sMape_23 = 8.652674182003047
sMape_24 = 8.850548086953381
sMape_25 = 6.788501812539215
sMape_26 = 4.780484252860752
sMape_27 = 9.49356095726343
sMape_28 = 9.455164904342807
sMape_29 = 17.226017942019446
sMape_30 = 13.581432115545203
sMape_31 = 3.68626854250003
sMape_32 = 3.5624465518102535
sMape_33 = 7.836031538383137
sMape_34 = 10.643407417695204
sMape_35 = 5.040449434720811
sMape_36 = 7.739768243641086
sMape_37 = 12.209925023417673
sMape_38 = 7.322840645328455
sMape_39 = 21.134550610054937
sMape_40 = 9.48156354960701
sMape_41 = 13.197164882795779
sMape_42 = 21.621417009821396
sMape_43 = 8.45430625951627
sMape_44 = 5.338983718792176
sMape_45 = 19.29419394981957
sMape_46 = 16.313855159652093
sMape_47 = 6.151386777964463
sMape_48 = 11.648701016281638
sMape_49 = 1.8815718813506601
sMape_50 = 1.283462774820381
sMape_51 = 21.748665654270503
sMape_52 = 21.35898618273883
sMape_53 = 0.7400642034338336
sMape_54 = 0.28504054118157246
sMape_55 = 0.6175093680272574
sMape_56 = 24.687599465023087
sMape_57 = 53.99139333756305
sMape_58 = 93.06288205522574
sMape_59 = 10.372492779310898
sMape_60 = 21.281638343252666
sMape_61 = 34.2066010376501
sMape_62 = 23.634571228355618
sMape_63 = 63.569392110479036
sMape_64 = 18.215622944503707
sMape_65 = 17.203548493790198
sMape_66 = 13.25249696131287
sMape_67 = 32.91895196727344
sMape_68 = 11.01650865141366
sMape_69 = 7.557554717155083
sMape_70 = 5.218109078086205
sMape_71 = 27.39376838405891
sMape_72 = 10.006725294295228
