Mean over all sMapes = 21.54343151333281
sMape_1 = 2.0282947771536484
sMape_2 = 1.2140052938328127
sMape_3 = 4.182265989507696
sMape_4 = 5.6403352511138
sMape_5 = 11.32851585742724
sMape_6 = 11.25592825676594
sMape_7 = 1.7137004452323807
sMape_8 = 2.098180117319217
sMape_9 = 4.022032418043848
sMape_10 = 21.425339203996995
sMape_11 = 2.931876486815037
sMape_12 = 2.3626028002922435
sMape_13 = 5.9632914576219855
sMape_14 = 10.043323576147529
sMape_15 = 15.600763474504634
sMape_16 = 49.91962077403297
sMape_17 = 13.807914527533285
sMape_18 = 12.787449971824536
sMape_19 = 8.399986227979356
sMape_20 = 6.935261582086653
sMape_21 = 21.44102854435249
sMape_22 = 148.1491711095985
sMape_23 = 8.454490264796215
sMape_24 = 4.580857585212313
sMape_25 = 8.051261072579592
sMape_26 = 5.505520224731252
sMape_27 = 10.394846439350392
sMape_28 = 12.664532740411646
sMape_29 = 20.55021992641389
sMape_30 = 17.129001052302616
sMape_31 = 5.039635714086046
sMape_32 = 6.122911508679847
sMape_33 = 8.583478363958207
sMape_34 = 14.256047221012674
sMape_35 = 5.666037555803804
sMape_36 = 11.314194636723009
sMape_37 = 15.218515055286677
sMape_38 = 13.253308797616018
sMape_39 = 25.74775200715102
sMape_40 = 17.17564655767419
sMape_41 = 16.721332161578424
sMape_42 = 32.19140303079224
sMape_43 = 8.405235096741826
sMape_44 = 2.329055225196515
sMape_45 = 20.06984577852442
sMape_46 = 33.42285175684148
sMape_47 = 6.293073360014918
sMape_48 = 16.3502302315857
sMape_49 = 2.9703599848492175
sMape_50 = 1.3123145762593846
sMape_51 = 11.177240277294386
sMape_52 = 40.033082961726244
sMape_53 = 2.792707939456503
sMape_54 = 0.894189807475451
sMape_55 = 0.5592328220628864
sMape_56 = 47.91758192167443
sMape_57 = 53.453206953677466
sMape_58 = 156.5729301530487
sMape_59 = 55.01301357026045
sMape_60 = 37.22217422706411
sMape_61 = 38.448304971233235
sMape_62 = 69.02111428358614
sMape_63 = 84.58124232441818
sMape_64 = 25.209152727607048
sMape_65 = 15.5218429684132
sMape_66 = 27.006084396023894
sMape_67 = 26.433936500234307
sMape_68 = 24.960308362694956
sMape_69 = 18.043687201970503
sMape_70 = 4.361104519160118
sMape_71 = 86.40933098045757
sMape_72 = 12.470753021066345
