Mean over all sMapes = 4.845048699373938
sMape_1 = 1.782899313559529
sMape_2 = 1.9416407626105543
sMape_3 = 4.646469153217888
sMape_4 = 3.182474712278712
sMape_5 = 12.671759555203007
