Mean over all sMapes = 5.054082788479633
sMape_1 = 1.5765687211662671
sMape_2 = 2.521626880750866
sMape_3 = 4.72050084666572
sMape_4 = 3.454626830607165
sMape_5 = 12.997090663208146
