Mean over all sMapes = 4.395185518484955
sMape_1 = 1.5446127930905817
sMape_2 = 1.6589805913751743
sMape_3 = 4.744446147187729
sMape_4 = 3.0977125122927265
sMape_5 = 10.930175548478566
