Mean over all sMapes = 15.905361901154013
sMape_1 = 1.5555187223884188
sMape_2 = 1.6978779368517896
sMape_3 = 4.5833614097958355
sMape_4 = 5.726851697134325
sMape_5 = 10.776400225256443
sMape_6 = 5.78908926745672
sMape_7 = 2.2876664558708324
sMape_8 = 0.9237137360492701
sMape_9 = 3.69655096185635
sMape_10 = 11.274956004607404
sMape_11 = 0.842105874157357
sMape_12 = 2.0144240109148646
sMape_13 = 8.279534585302311
sMape_14 = 8.267849614607883
sMape_15 = 13.239631613739897
sMape_16 = 6.614834628260436
sMape_17 = 13.32876539210624
sMape_18 = 15.95552359874942
sMape_19 = 7.848225486083852
sMape_20 = 6.914302416472289
sMape_21 = 19.780852404726257
sMape_22 = 13.67868686022042
sMape_23 = 9.434370965563703
sMape_24 = 8.871425044104123
sMape_25 = 7.269702315531471
sMape_26 = 4.888285282333733
sMape_27 = 8.601207846420241
sMape_28 = 10.066348228562665
sMape_29 = 14.78407257263604
sMape_30 = 13.567955755935127
sMape_31 = 6.525389365171522
sMape_32 = 4.847896132567742
sMape_33 = 9.04904817015446
sMape_34 = 11.90799135670298
sMape_35 = 5.0961721555869355
sMape_36 = 8.47032734121776
sMape_37 = 12.104364973594196
sMape_38 = 7.100809817347377
sMape_39 = 21.332844867857514
sMape_40 = 9.369123673095201
sMape_41 = 13.608062642670953
sMape_42 = 21.335085822320153
sMape_43 = 8.749797203851967
sMape_44 = 6.3242788341292115
sMape_45 = 19.59303700716689
sMape_46 = 17.129818190517828
sMape_47 = 6.255452475143004
sMape_48 = 11.83774275713212
sMape_49 = 4.336830836777472
sMape_50 = 1.2598614620479802
sMape_51 = 16.137784376673885
sMape_52 = 21.718638263210924
sMape_53 = 3.8771582696547235
sMape_54 = 2.419034888383523
sMape_55 = 0.637138557772567
sMape_56 = 28.906160950322924
sMape_57 = 47.90641464534872
sMape_58 = 147.3100628083137
sMape_59 = 56.88681373819858
sMape_60 = 38.547015518267166
sMape_61 = 46.089873843951224
sMape_62 = 51.94791200661562
sMape_63 = 80.59217603721017
sMape_64 = 23.00922952096456
sMape_65 = 22.36741751430534
sMape_66 = 16.94181944657578
sMape_67 = 25.396359721060158
sMape_68 = 18.381049938654034
sMape_69 = 11.011845807890817
sMape_70 = 4.7255929611800305
sMape_71 = 22.052329721814715
sMape_72 = 9.530202347970873
