Mean over all sMapes = 11.751720098818689
sMape_1 = 3.1185647408490857
sMape_2 = 1.462062213929772
sMape_3 = 5.392834962136773
sMape_4 = 3.5348761160951607
sMape_5 = 9.360119898232744
sMape_6 = 4.9092545296116015
sMape_7 = 1.6409080760548544
sMape_8 = 1.4878676026084963
sMape_9 = 3.909940718464307
sMape_10 = 5.158614012402515
sMape_11 = 1.1980177290477372
sMape_12 = 2.1058323657661817
sMape_13 = 8.927691960871819
sMape_14 = 8.600187976398312
sMape_15 = 14.290398080677488
sMape_16 = 6.865777587387592
sMape_17 = 14.261269818615258
sMape_18 = 12.628049579657889
sMape_19 = 5.54827754347037
sMape_20 = 8.295839384941672
sMape_21 = 26.871412541953156
sMape_22 = 14.410481565904112
sMape_23 = 11.217154459546503
sMape_24 = 18.87405241666622
sMape_25 = 7.923268735652221
sMape_26 = 5.3238621573497475
sMape_27 = 8.509205299333724
sMape_28 = 9.943677399854582
sMape_29 = 15.885036850479677
sMape_30 = 11.386409589948393
sMape_31 = 7.537884268423962
sMape_32 = 4.121237812297117
sMape_33 = 10.728526023844632
sMape_34 = 9.99463261089219
sMape_35 = 5.463234668321329
sMape_36 = 7.895279494760087
sMape_37 = 16.047312843169117
sMape_38 = 6.73630232778634
sMape_39 = 25.410437813960435
sMape_40 = 8.810862995074189
sMape_41 = 17.02551040729168
sMape_42 = 18.151274795271963
sMape_43 = 10.474727618610128
sMape_44 = 6.303575194958939
sMape_45 = 21.65858336711629
sMape_46 = 18.99210088660943
sMape_47 = 6.643624140651619
sMape_48 = 15.064041700947447
sMape_49 = 2.071385917001997
sMape_50 = 1.9983684873926126
sMape_51 = 11.880211932714166
sMape_52 = 33.152242109707494
sMape_53 = 0.5214414949072657
sMape_54 = 0.21357930312460688
sMape_55 = 0.238625572717863
sMape_56 = 18.78365291748939
sMape_57 = 19.43262319374052
sMape_58 = 29.857122331471015
sMape_59 = 6.8708206827534966
sMape_60 = 12.625650995599347
sMape_61 = 16.043224569258662
sMape_62 = 34.503543134945524
sMape_63 = 43.035485830368074
sMape_64 = 45.0643852044712
sMape_65 = 6.7783920427924595
sMape_66 = 15.593114686893092
sMape_67 = 17.7924789051788
sMape_68 = 3.364393401412739
sMape_69 = 18.22337865569601
sMape_70 = 1.6501930851597912
sMape_71 = 16.050404171994106
sMape_72 = 20.27903360426048
