Mean over all sMapes = 14.962026243312756
sMape_1 = 14.834497638344555
sMape_2 = 16.235786881470343
sMape_3 = 13.81579421012337
