monthly: 15.503098918164651 (12)
other: 4.70077575117268 (4)
quarterly: 10.81319419299367 (4)
yearly: 19.281231932025392 (12)