Mean over all sMapes = 14.326157730653676
sMape_1 = 2.188346097889207
sMape_2 = 1.932215553626947
sMape_3 = 4.070436635879096
sMape_4 = 6.267494692333951
sMape_5 = 11.290420877037716
sMape_6 = 13.141817803551135
sMape_7 = 2.4122985584041126
sMape_8 = 1.423825242341311
sMape_9 = 3.7051810026035032
sMape_10 = 7.912313243047377
sMape_11 = 1.5433101685377335
sMape_12 = 2.283915409408591
sMape_13 = 7.380341342312553
sMape_14 = 6.52802770270799
sMape_15 = 12.117866765561908
sMape_16 = 8.314824427690299
sMape_17 = 15.12130015215348
sMape_18 = 18.72679934494991
sMape_19 = 7.668690617783898
sMape_20 = 6.252396139186053
sMape_21 = 11.980890414335372
sMape_22 = 13.951452529193686
sMape_23 = 7.246375697459863
sMape_24 = 7.662724310183459
sMape_25 = 6.75473675572187
sMape_26 = 3.7149543228533415
sMape_27 = 9.742821602887318
sMape_28 = 13.001638819707132
sMape_29 = 14.648311628816737
sMape_30 = 19.095658326271327
sMape_31 = 4.641262755658686
sMape_32 = 3.819055985576112
sMape_33 = 8.529622937080479
sMape_34 = 10.42292344157465
sMape_35 = 5.550969628875734
sMape_36 = 7.120154053615132
sMape_37 = 10.614876655445586
sMape_38 = 7.302961310706009
sMape_39 = 19.4222058231867
sMape_40 = 9.549413817112299
sMape_41 = 12.4680767226913
sMape_42 = 24.804034451605254
sMape_43 = 7.986773973686917
sMape_44 = 9.29927537228223
sMape_45 = 17.951501828774738
sMape_46 = 16.047496536423548
sMape_47 = 5.586137564875784
sMape_48 = 11.539306664890358
sMape_49 = 3.1871426128578135
sMape_50 = 2.1798639720454123
sMape_51 = 26.588944235994173
sMape_52 = 24.7828137765432
sMape_53 = 2.255676148484069
sMape_54 = 2.003397899435973
sMape_55 = 3.8562975118890113
sMape_56 = 31.07894914137381
sMape_57 = 50.12001447288785
sMape_58 = 101.00987431723918
sMape_59 = 20.333594556909294
sMape_60 = 29.57218045791356
sMape_61 = 33.931840498122995
sMape_62 = 27.992142991614394
sMape_63 = 54.14582281096507
sMape_64 = 35.87820724592083
sMape_65 = 22.34413556593188
sMape_66 = 16.988409462407848
sMape_67 = 31.50969025454758
sMape_68 = 7.349123330014777
sMape_69 = 8.827066010990558
sMape_70 = 6.455201201331655
sMape_71 = 31.659999903826723
sMape_72 = 16.69553251931879
