Mean over all sMapes = 14.732149637355576
sMape_1 = 14.402055818824836
sMape_2 = 15.849391690004428
sMape_3 = 13.945001403237466
