Mean over all sMapes = 15.075364151049378
sMape_1 = 14.394644404810213
sMape_2 = 15.992979169831823
sMape_3 = 14.838468878506097
