Mean over all sMapes = 13.822305765596264
sMape_1 = 1.548790702825608
sMape_2 = 1.5644178438725584
sMape_3 = 4.361317415453781
sMape_4 = 2.446394705032014
sMape_5 = 11.014322926483826
sMape_6 = 8.326349777430416
sMape_7 = 1.8323901069463795
sMape_8 = 1.0580078960538961
sMape_9 = 4.08111149877019
sMape_10 = 5.618587220964275
sMape_11 = 0.7799773559604799
sMape_12 = 1.926747160949317
sMape_13 = 8.225222898868969
sMape_14 = 6.0932276656704785
sMape_15 = 13.294569765582306
sMape_16 = 6.578094556249986
sMape_17 = 12.575937647535195
sMape_18 = 14.686906095930333
sMape_19 = 7.581058488531385
sMape_20 = 6.725517733508367
sMape_21 = 18.18921223506852
sMape_22 = 11.14391375407174
sMape_23 = 8.633856623131605
sMape_24 = 8.854887892201873
sMape_25 = 6.861517164566533
sMape_26 = 4.821561037335475
sMape_27 = 9.827393892454863
sMape_28 = 9.784595197244146
sMape_29 = 14.525775378686214
sMape_30 = 12.911626508800211
sMape_31 = 3.693937786143625
sMape_32 = 3.6306576006609337
sMape_33 = 7.812355153189686
sMape_34 = 13.05673322103274
sMape_35 = 5.103218573415744
sMape_36 = 7.774098929974577
sMape_37 = 12.328830248757319
sMape_38 = 7.125243787552478
sMape_39 = 21.134091463373586
sMape_40 = 9.205354382966693
sMape_41 = 13.511138792494618
sMape_42 = 21.10349396120067
sMape_43 = 8.462334937967652
sMape_44 = 5.66503866777931
sMape_45 = 19.301269430991923
sMape_46 = 18.003478426642136
sMape_47 = 5.807836332373055
sMape_48 = 11.671968832779058
sMape_49 = 18.617308749648085
sMape_50 = 21.929864815597565
sMape_51 = 0.6706001132086266
sMape_52 = 0.2918518557157697
sMape_53 = 25.71919908930526
sMape_54 = 53.84589919611636
sMape_55 = 104.22922629621041
sMape_56 = 11.344347454142829
sMape_57 = 21.2545940117561
sMape_58 = 28.217185702146725
sMape_59 = 22.62735287669266
sMape_60 = 62.673501870789025
sMape_61 = 17.09596533730558
sMape_62 = 18.1813626057408
sMape_63 = 12.320268012508727
sMape_64 = 39.5925632548289
sMape_65 = 12.649789001001452
sMape_66 = 12.443050177648535
sMape_67 = 5.524365825256189
sMape_68 = 33.10082049338947
sMape_69 = 11.14561141165646
