Mean over all sMapes = 14.174395153337397
sMape_1 = 1.6228284779907918
sMape_2 = 1.599323484547915
sMape_3 = 4.2788241872573
sMape_4 = 2.616490409947083
sMape_5 = 10.732045862467576
sMape_6 = 8.121128610500746
sMape_7 = 1.8234076267354047
sMape_8 = 1.0621474498757766
sMape_9 = 4.149980667594667
sMape_10 = 9.796267087579123
sMape_11 = 0.8754454836430878
sMape_12 = 1.9467440559257716
sMape_13 = 8.20608900543543
sMape_14 = 5.140049292416638
sMape_15 = 13.134411901981572
sMape_16 = 6.966556436156633
sMape_17 = 11.30302487040468
sMape_18 = 11.87282088717004
sMape_19 = 8.880237110975687
sMape_20 = 7.711815753293176
sMape_21 = 18.58039984695032
sMape_22 = 12.40770747349751
sMape_23 = 10.123428114036303
sMape_24 = 13.060842548157728
sMape_25 = 6.817888352085761
sMape_26 = 4.7664244918188325
sMape_27 = 9.885698311778276
sMape_28 = 9.21845599909441
sMape_29 = 14.360550331878477
sMape_30 = 14.65321115231071
sMape_31 = 3.948639941728297
sMape_32 = 3.5913149623359786
sMape_33 = 7.925769620113418
sMape_34 = 11.871951377540439
sMape_35 = 5.048733072585732
sMape_36 = 7.322266226461773
sMape_37 = 11.635674985633305
sMape_38 = 7.627636485083849
sMape_39 = 21.2744293101802
sMape_40 = 9.12140049512169
sMape_41 = 14.328206474720679
sMape_42 = 20.276782464639716
sMape_43 = 8.40792323137438
sMape_44 = 5.561971083272947
sMape_45 = 19.277965930156313
sMape_46 = 17.000852859140128
sMape_47 = 7.0545591347269605
sMape_48 = 12.460989511692897
sMape_49 = 2.2249358066546323
sMape_50 = 1.3474293001353645
sMape_51 = 8.031391104868352
sMape_52 = 20.454245304951556
sMape_53 = 0.7499616308648192
sMape_54 = 0.2971243241503966
sMape_55 = 0.588147297047825
sMape_56 = 26.383332929927544
sMape_57 = 52.5756658130787
sMape_58 = 148.17579966455696
sMape_59 = 13.743108061718468
sMape_60 = 21.46319023562124
sMape_61 = 34.18620967189273
sMape_62 = 53.49376837363443
sMape_63 = 59.540347302208396
sMape_64 = 18.910881956898848
sMape_65 = 23.231588744754706
sMape_66 = 36.22297233161005
sMape_67 = 11.729690117310254
sMape_68 = 8.738593960232583
sMape_69 = 8.803169374482888
sMape_70 = 5.00085190433166
sMape_71 = 25.917439112182688
sMape_72 = 9.295294267161335
