Mean over all sMapes = 22.923997527491146
sMape_1 = 14.422935884532299
sMape_2 = 15.817094246140398
sMape_3 = 13.550375277717855
sMape_4 = 24.11242685965275
sMape_5 = 33.710325906385975
sMape_6 = 32.184790342204565
sMape_7 = 13.83942275212903
sMape_8 = 23.339534569281003
sMape_9 = 22.131982791129552
sMape_10 = 17.2861568282151
sMape_11 = 32.92173441673909
sMape_12 = 22.84505030519272
sMape_13 = 18.759132534201285
sMape_14 = 16.64699742646942
sMape_15 = 17.325102253212446
sMape_16 = 14.047392412741095
sMape_17 = 27.506281953538714
sMape_18 = 21.027585884779707
sMape_19 = 17.304525190394397
sMape_20 = 19.429885021503175
sMape_21 = 15.057519580024184
sMape_22 = 13.128107862052527
sMape_23 = 23.354150958685064
sMape_24 = 23.45269229249574
sMape_25 = 19.358634180087957
sMape_26 = 18.782153015871987
sMape_27 = 25.89957785176868
sMape_28 = 21.144851609618105
sMape_29 = 22.27455408163419
sMape_30 = 29.997468591172492
sMape_31 = 17.897134453397275
sMape_32 = 20.95195004969331
sMape_33 = 27.192377205909203
sMape_34 = 18.033291016818197
sMape_35 = 22.928802670446355
sMape_36 = 29.028485950095906
sMape_37 = 36.873954630473804
sMape_38 = 16.79783647583956
sMape_39 = 20.388521805412427
sMape_40 = 19.186165836800008
sMape_41 = 27.939840024078944
sMape_42 = 17.776149398889977
sMape_43 = 21.70257001180565
sMape_44 = 16.65823972377464
sMape_45 = 22.3542559297803
sMape_46 = 18.95696813030465
sMape_47 = 14.76358686600692
sMape_48 = 30.242139464388128
sMape_49 = 19.92503461651606
sMape_50 = 33.01070386464608
sMape_51 = 24.07952174614662
sMape_52 = 17.658242511014663
sMape_53 = 16.79881762448407
sMape_54 = 28.824862412938508
sMape_55 = 16.089356100751175
sMape_56 = 33.69691244175469
sMape_57 = 18.424471412869206
sMape_58 = 18.673582969433188
sMape_59 = 34.68644448558088
sMape_60 = 66.160482784015
sMape_61 = 21.824550103935188
sMape_62 = 23.981115300549494
sMape_63 = 20.495875347807843
sMape_64 = 29.020025812827683
sMape_65 = 16.85405612106568
sMape_66 = 21.208108832289096
sMape_67 = 23.07125641997545
sMape_68 = 27.02436148560595
sMape_69 = 25.96179380377582
sMape_70 = 14.582367858602543
sMape_71 = 38.997791758600826
sMape_72 = 27.24422859282197
sMape_73 = 19.265521862642274
sMape_74 = 20.167612134018707
sMape_75 = 22.857011241682304
sMape_76 = 16.017127922452353
sMape_77 = 19.784632620534712
sMape_78 = 21.356963629935397
sMape_79 = 18.813502029907387
sMape_80 = 22.960261974420483
sMape_81 = 21.54214151317106
sMape_82 = 17.91539604311038
sMape_83 = 20.39065908328791
sMape_84 = 18.875904963125343
sMape_85 = 23.28119569714475
sMape_86 = 37.53498382084028
sMape_87 = 16.59837719196626
sMape_88 = 44.966220304924384
sMape_89 = 27.95597780259362
sMape_90 = 26.41875215293898
sMape_91 = 23.859085259875386
sMape_92 = 22.51820094847215
sMape_93 = 21.69421129187383
sMape_94 = 22.919842705933227
sMape_95 = 20.926222153688222
sMape_96 = 21.618529742416246
sMape_97 = 28.383699056410656
sMape_98 = 28.31170049674102
sMape_99 = 17.943357108547143
sMape_100 = 18.55061225583077
sMape_101 = 15.361612910611452
sMape_102 = 26.636431640784412
sMape_103 = 25.82882277141118
sMape_104 = 20.24734764120526
sMape_105 = 23.09412788093998
sMape_106 = 16.387126512699744
sMape_107 = 34.55360511318658
sMape_108 = 20.995343039657236
sMape_109 = 12.158771573012462
sMape_110 = 38.43389116665383
sMape_111 = 18.814265361375995
