Mean over all sMapes = 7.592982113529826
sMape_1 = 3.837781812050584
sMape_2 = 13.085511260811463
sMape_3 = 4.499720636929355
sMape_4 = 5.742340005288855
sMape_5 = 10.799556852568868
