Mean over all sMapes = 4.3550706904347845
sMape_1 = 1.5703748942468172
sMape_2 = 1.486129519902056
sMape_3 = 4.5201852017856945
sMape_4 = 3.6565421727592438
sMape_5 = 10.54212166348011
