Mean over all sMapes = 4.340629868241136
sMape_1 = 1.5728342778160056
sMape_2 = 1.478659600922013
sMape_3 = 4.49967863780092
sMape_4 = 3.602773430573335
sMape_5 = 10.549203394093407
