Mean over all sMapes = 4.377732010745939
sMape_1 = 1.5749282304071794
sMape_2 = 1.4720341998185404
sMape_3 = 4.3843840347002345
sMape_4 = 3.929417666200748
sMape_5 = 10.52789592260299
