Mean over all sMapes = 4.362976429781236
sMape_1 = 1.569475045958681
sMape_2 = 1.4584927227773137
sMape_3 = 4.360571073106519
sMape_4 = 3.8741056042341535
sMape_5 = 10.552237702829515
