Mean over all sMapes = 4.3819124117552635
sMape_1 = 1.5637999891717893
sMape_2 = 1.4536591665666592
sMape_3 = 4.3201024333092635
sMape_4 = 4.033251627149244
sMape_5 = 10.53874884257936
