Mean over all sMapes = 4.379620203325845
sMape_1 = 1.5665239412976377
sMape_2 = 1.4663901982061733
sMape_3 = 4.281951580161021
sMape_4 = 4.042477626488704
sMape_5 = 10.540757670475688
