Mean over all sMapes = 12.815000409610457
sMape_1 = 1.5657733332455088
sMape_2 = 1.467373498675209
sMape_3 = 4.520207744004848
sMape_4 = 3.6229362495300808
sMape_5 = 10.539488041036478
sMape_6 = 10.457377622971409
sMape_7 = 3.159593753383485
sMape_8 = 1.2479252676791481
sMape_9 = 4.661411234447538
sMape_10 = 8.009221842778514
sMape_11 = 0.9321208119150995
sMape_12 = 1.7317914125459113
sMape_13 = 8.248047060021744
sMape_14 = 5.972634853175713
sMape_15 = 14.132358791040724
sMape_16 = 7.501083803765949
sMape_17 = 13.137125853217649
sMape_18 = 16.899126019319997
sMape_19 = 7.615134596105215
sMape_20 = 7.018943831311754
sMape_21 = 20.409923513122653
sMape_22 = 12.676939535562418
sMape_23 = 9.357806446782595
sMape_24 = 8.557533051321787
sMape_25 = 7.235333159802478
sMape_26 = 4.897721606311922
sMape_27 = 8.430181809241912
sMape_28 = 10.25473075639008
sMape_29 = 14.172944049190667
sMape_30 = 13.227695058780323
sMape_31 = 6.626699849217604
sMape_32 = 3.9697795227519768
sMape_33 = 8.040361864847297
sMape_34 = 10.618063555821918
sMape_35 = 4.98117699487725
sMape_36 = 8.085605674052571
sMape_37 = 12.00017554861778
sMape_38 = 7.08213863423899
sMape_39 = 21.14144702170397
sMape_40 = 9.168559562659738
sMape_41 = 13.397310392610095
sMape_42 = 22.122292150247237
sMape_43 = 8.805836361591279
sMape_44 = 6.177301194910023
sMape_45 = 19.319429565227097
sMape_46 = 16.502722630934567
sMape_47 = 5.896572027551871
sMape_48 = 11.494378084587398
sMape_49 = 3.8530096319133214
sMape_50 = 2.168867689488968
sMape_51 = 12.061942226564987
sMape_52 = 21.87570352742004
sMape_53 = 0.6932627076331356
sMape_54 = 0.28534737676637423
sMape_55 = 0.4964983053745521
sMape_56 = 27.177128623840513
sMape_57 = 54.2685923075514
sMape_58 = 75.90869314448784
sMape_59 = 8.281780647110452
sMape_60 = 21.25099576594102
sMape_61 = 31.212357826861147
sMape_62 = 29.624878725982846
sMape_63 = 60.47355481569032
sMape_64 = 21.787859235714592
sMape_65 = 19.697867528651127
sMape_66 = 13.224566325250178
sMape_67 = 24.44029105472484
sMape_68 = 4.768862992442543
sMape_69 = 7.412996284538723
sMape_70 = 6.4742910680664405
sMape_71 = 25.745025253212894
sMape_72 = 12.40532118359724
