Mean over all sMapes = 12.809112268754449
sMape_1 = 1.5745343161508205
sMape_2 = 1.4638026784976519
sMape_3 = 4.326250441694515
sMape_4 = 3.8428912133584134
sMape_5 = 10.53916763747021
sMape_6 = 11.099838841682939
sMape_7 = 3.1097867278017253
sMape_8 = 1.1893600874491874
sMape_9 = 3.903888163049371
sMape_10 = 7.15319934997472
sMape_11 = 0.9394309965900847
sMape_12 = 1.8066190223307588
sMape_13 = 8.244004362796097
sMape_14 = 6.258986110981553
sMape_15 = 14.393343306904322
sMape_16 = 7.94038596343452
sMape_17 = 13.230619373647626
sMape_18 = 18.23360146753032
sMape_19 = 7.555357329966587
sMape_20 = 6.97523103188767
sMape_21 = 20.164215036602485
sMape_22 = 12.675006513657072
sMape_23 = 9.275319301001721
sMape_24 = 8.552597499078306
sMape_25 = 7.105316898067887
sMape_26 = 4.873533083042988
sMape_27 = 8.614641089256743
sMape_28 = 10.507752973790053
sMape_29 = 14.153510066311679
sMape_30 = 13.272674004275874
sMape_31 = 6.599968489315793
sMape_32 = 3.8473134611196493
sMape_33 = 7.4380998135130785
sMape_34 = 10.796423452188444
sMape_35 = 4.977288805657994
sMape_36 = 8.036963996316244
sMape_37 = 12.075927151685121
sMape_38 = 7.067624481105277
sMape_39 = 21.12028676511015
sMape_40 = 9.30266914737992
sMape_41 = 13.426272405053219
sMape_42 = 22.84631701695527
sMape_43 = 8.814216170665528
sMape_44 = 6.394274981957321
sMape_45 = 19.319971616442025
sMape_46 = 16.50848043539865
sMape_47 = 5.910529975427145
sMape_48 = 11.510043280416493
sMape_49 = 3.7216982333482815
sMape_50 = 1.0687710703353113
sMape_51 = 12.061854812226493
sMape_52 = 21.87571082473163
sMape_53 = 0.7225884755161729
sMape_54 = 0.28534737676637423
sMape_55 = 0.4964983053745521
sMape_56 = 27.137999710961335
sMape_57 = 54.32928912749614
sMape_58 = 75.81430154525813
sMape_59 = 8.270066559146684
sMape_60 = 21.247476064730666
sMape_61 = 31.138859363113518
sMape_62 = 28.45384047878569
sMape_63 = 59.76117548517818
sMape_64 = 22.799286604531392
sMape_65 = 19.66586256465633
sMape_66 = 13.224024026604745
sMape_67 = 24.42706700009294
sMape_68 = 4.768615979821252
sMape_69 = 7.393542043525114
sMape_70 = 6.474292365039382
sMape_71 = 25.7450317743882
sMape_72 = 12.40534722470048
