Mean over all sMapes = 14.87306364420199
sMape_1 = 14.83291787960399
sMape_2 = 15.890959007065367
sMape_3 = 13.89531404593661
