Mean over all sMapes = 14.864882292958313
sMape_1 = 14.762908845077757
sMape_2 = 15.868676387418626
sMape_3 = 13.963061646378556
