Mean over all sMapes = 14.74098270711948
sMape_1 = 14.468520896627766
sMape_2 = 16.21710899248619
sMape_3 = 13.537318232244488
