Mean over all sMapes = 14.527800078531678
sMape_1 = 4.456124493205164
sMape_2 = 2.68867634728266
sMape_3 = 4.911699260085797
sMape_4 = 6.34296909543073
sMape_5 = 11.37393073614152
sMape_6 = 9.808999067971103
sMape_7 = 2.732986341205354
sMape_8 = 1.5032014806315976
sMape_9 = 6.6258198458556254
sMape_10 = 8.050926633898179
sMape_11 = 2.255309547384826
sMape_12 = 6.407742077915405
sMape_13 = 10.18421840760353
sMape_14 = 8.577306051044378
sMape_15 = 16.395080817059767
sMape_16 = 7.9047437587103655
sMape_17 = 17.183220636799312
sMape_18 = 17.942150149927002
sMape_19 = 6.550538647817021
sMape_20 = 8.109262210263047
sMape_21 = 24.926030536819322
sMape_22 = 11.696699877860304
sMape_23 = 14.560904766285669
sMape_24 = 9.761444379057497
sMape_25 = 8.330338050670603
sMape_26 = 13.089246033262203
sMape_27 = 12.819594189824759
sMape_28 = 12.976714850604266
sMape_29 = 21.938469997101596
sMape_30 = 25.571508627789406
sMape_31 = 9.106336442974582
sMape_32 = 4.851632383950427
sMape_33 = 9.831142738139057
sMape_34 = 12.818332792910999
sMape_35 = 6.922940455685779
sMape_36 = 21.701094603915525
sMape_37 = 12.457733645995745
sMape_38 = 8.190168406433724
sMape_39 = 20.333648567267385
sMape_40 = 17.992048490798553
sMape_41 = 15.235932457210364
sMape_42 = 18.675834172840176
sMape_43 = 6.693218643778693
sMape_44 = 9.510902354991797
sMape_45 = 19.488775676580854
sMape_46 = 16.52098823940411
sMape_47 = 11.68491636369054
sMape_48 = 16.764067202432546
sMape_49 = 5.117491649169665
sMape_50 = 1.9224372738124174
sMape_51 = 10.60306410757879
sMape_52 = 25.865684319413155
sMape_53 = 0.42908596341023697
sMape_54 = 0.14390578945522195
sMape_55 = 0.24857552640726374
sMape_56 = 19.698011122071442
sMape_57 = 21.33129955472769
sMape_58 = 30.043532771532238
sMape_59 = 7.353419626125428
sMape_60 = 8.571600807575786
sMape_61 = 43.09184811703844
sMape_62 = 54.28644837370834
sMape_63 = 73.72425086400875
sMape_64 = 79.11620285860815
sMape_65 = 9.188479726539521
sMape_66 = 9.325086726508019
sMape_67 = 11.042643081398323
sMape_68 = 8.53008425867368
sMape_69 = 31.13611488007319
sMape_70 = 1.7925052134522426
sMape_71 = 17.471041748408254
sMape_72 = 21.513220740075756
