Mean over all sMapes = 22.959245204560258
sMape_1 = 14.766307620633224
sMape_2 = 16.102956179759413
sMape_3 = 13.774670312067208
sMape_4 = 24.339359935804598
sMape_5 = 34.12637518291348
sMape_6 = 31.69859580967994
sMape_7 = 13.729364891787812
sMape_8 = 23.211039168117097
sMape_9 = 22.249616103836406
sMape_10 = 17.219373706933272
sMape_11 = 32.97516992397895
sMape_12 = 22.681861248190312
sMape_13 = 18.37136611608305
sMape_14 = 16.644353944928156
sMape_15 = 17.31153872433792
sMape_16 = 14.35858241474033
sMape_17 = 27.206706080629335
sMape_18 = 20.562333532499753
sMape_19 = 17.39317631194736
sMape_20 = 19.278119493112175
sMape_21 = 15.074634744505804
sMape_22 = 13.05936372606395
sMape_23 = 23.59207824317634
sMape_24 = 23.39767855790357
sMape_25 = 19.425114094784572
sMape_26 = 18.322655902316757
sMape_27 = 26.002713627567775
sMape_28 = 21.42486743290558
sMape_29 = 22.273298648951016
sMape_30 = 30.3329400128323
sMape_31 = 17.709004030280663
sMape_32 = 21.376595819412046
sMape_33 = 27.08202017390918
sMape_34 = 18.031156715925935
sMape_35 = 22.984160745521983
sMape_36 = 29.01343033245864
sMape_37 = 36.855442429443634
sMape_38 = 16.743885880600303
sMape_39 = 19.303876376005665
sMape_40 = 19.231103550287262
sMape_41 = 27.93482998978119
sMape_42 = 17.634093076264705
sMape_43 = 21.507015970564485
sMape_44 = 16.631421426618125
sMape_45 = 22.361233583494407
sMape_46 = 18.96175879901621
sMape_47 = 14.765984051246233
sMape_48 = 29.759251002814008
sMape_49 = 19.948261669359777
sMape_50 = 33.056240874901675
sMape_51 = 23.994317995715157
sMape_52 = 17.629848107694176
sMape_53 = 16.47752575500454
sMape_54 = 28.09720064288453
sMape_55 = 16.146795632644466
sMape_56 = 33.89021793216692
sMape_57 = 18.56589486247711
sMape_58 = 18.571183291933803
sMape_59 = 35.03881235202987
sMape_60 = 64.80670146154552
sMape_61 = 21.924202588450004
sMape_62 = 23.81780381892328
sMape_63 = 20.936501197764628
sMape_64 = 29.03071431271459
sMape_65 = 16.88604400110875
sMape_66 = 21.25319887343353
sMape_67 = 23.500585083886545
sMape_68 = 27.431995823192306
sMape_69 = 25.988203622561105
sMape_70 = 14.645419938659202
sMape_71 = 38.80353654369799
sMape_72 = 27.295079428767583
sMape_73 = 19.258952496483353
sMape_74 = 19.694475677378488
sMape_75 = 22.635091209208056
sMape_76 = 15.838645582775104
sMape_77 = 19.4586114371429
sMape_78 = 21.243338194766064
sMape_79 = 18.811222506767553
sMape_80 = 22.560726835724658
sMape_81 = 21.363277205358695
sMape_82 = 18.34818080675356
sMape_83 = 20.362139873268298
sMape_84 = 18.47030839923938
sMape_85 = 23.205639695725097
sMape_86 = 37.88622650256731
sMape_87 = 16.39471720323719
sMape_88 = 45.7729272763533
sMape_89 = 28.53883097117838
sMape_90 = 26.151331198737243
sMape_91 = 24.156619830827882
sMape_92 = 22.844359161710678
sMape_93 = 24.226976282736583
sMape_94 = 22.774011750043847
sMape_95 = 21.131071685664818
sMape_96 = 21.71436005027493
sMape_97 = 28.398010804122322
sMape_98 = 28.042193318506296
sMape_99 = 17.953625966167973
sMape_100 = 17.63453037877181
sMape_101 = 16.310316098481152
sMape_102 = 26.443543295642364
sMape_103 = 26.373016832850816
sMape_104 = 20.044555873666077
sMape_105 = 22.8797003545903
sMape_106 = 16.309469630299716
sMape_107 = 34.59478859147199
sMape_108 = 20.953276383185614
sMape_109 = 12.59088298211962
sMape_110 = 41.76374916876638
sMape_111 = 18.813754735473687
