Mean over all sMapes = 11.604383796266083
sMape_1 = 1.3986264143090588
sMape_2 = 1.562253416993544
sMape_3 = 4.622629867774772
sMape_4 = 4.567485889039453
sMape_5 = 9.498420155403855
sMape_6 = 6.972825788937442
sMape_7 = 1.8069491424042443
sMape_8 = 1.4049667253877958
sMape_9 = 4.008558140237067
sMape_10 = 5.867171189744379
sMape_11 = 2.9964124688009437
sMape_12 = 2.2060690096763826
sMape_13 = 8.9413524475355
sMape_14 = 8.853906401351436
sMape_15 = 17.978507683623665
sMape_16 = 7.010015601571662
sMape_17 = 16.282962117619835
sMape_18 = 12.80826156765742
sMape_19 = 5.905181281551418
sMape_20 = 8.109188037481495
sMape_21 = 24.76415107947383
sMape_22 = 8.273778926103246
sMape_23 = 11.123506336763029
sMape_24 = 10.189738744723092
sMape_25 = 8.75224925377223
sMape_26 = 5.3196099155646825
sMape_27 = 14.995290014672403
sMape_28 = 12.736015232658218
sMape_29 = 16.19670520032267
sMape_30 = 11.969905767385924
sMape_31 = 6.3894800042007525
sMape_32 = 5.15932906299103
sMape_33 = 10.022337565714608
sMape_34 = 9.865959551059596
sMape_35 = 6.167939929120498
sMape_36 = 8.823746112484924
sMape_37 = 15.209706237292156
sMape_38 = 7.317188579795332
sMape_39 = 25.41241394599652
sMape_40 = 12.91537013105776
sMape_41 = 17.075350090714096
sMape_42 = 17.67033512864825
sMape_43 = 7.74753909011837
sMape_44 = 5.3932090009393505
sMape_45 = 16.645094086296844
sMape_46 = 15.4744515693927
sMape_47 = 5.347625021692481
sMape_48 = 13.614375202876861
sMape_49 = 1.0746926724223889
sMape_50 = 1.5672824649595536
sMape_51 = 8.451150497793938
sMape_52 = 32.87883281027769
sMape_53 = 0.5857797775703
sMape_54 = 0.473846823930236
sMape_55 = 0.22784915330204933
sMape_56 = 18.980778494462843
sMape_57 = 22.53032200078467
sMape_58 = 29.766190894756868
sMape_59 = 8.228330538031193
sMape_60 = 11.70790694463701
sMape_61 = 16.549168025917712
sMape_62 = 35.35744305533795
sMape_63 = 49.97811177607003
sMape_64 = 48.340395835501404
sMape_65 = 7.847318832138124
sMape_66 = 11.963072123439012
sMape_67 = 18.56727633897333
sMape_68 = 3.0693645025193588
sMape_69 = 9.025363181773834
sMape_70 = 3.386469783496515
sMape_71 = 10.894242597441698
sMape_72 = 20.690300076687354
