Mean over all sMapes = 14.939359482640148
sMape_1 = 14.451406392675523
sMape_2 = 16.2308695756765
sMape_3 = 14.135802479568419
