Mean over all sMapes = 12.947105015734891
sMape_1 = 31.465876012580434
sMape_2 = 10.993351193938466
sMape_3 = 16.637982953921977
sMape_4 = 8.479173661499443
sMape_5 = 11.138169528150852
sMape_6 = 8.861973651914683
sMape_7 = 9.710434635257656
sMape_8 = 12.869184785889177
sMape_9 = 13.683477798117202
sMape_10 = 60.95292913410272
sMape_11 = 12.106632339254904
sMape_12 = 5.396346388972168
sMape_13 = 8.241775217734242
sMape_14 = 19.17240339727918
sMape_15 = 115.74631672433007
sMape_16 = 25.017165885531252
sMape_17 = 48.64479356951604
sMape_18 = 14.995196427110324
sMape_19 = 7.013777978900697
sMape_20 = 19.41299684270214
sMape_21 = 17.3223223150459
sMape_22 = 10.02108005435154
sMape_23 = 24.985781529981963
sMape_24 = 10.31962177933166
sMape_25 = 14.91024519513454
sMape_26 = 6.306455849981553
sMape_27 = 7.907682502414398
sMape_28 = 6.490678950474137
sMape_29 = 12.926343922567257
sMape_30 = 33.48213914840684
sMape_31 = 3.5330354550797733
sMape_32 = 12.150465619157714
sMape_33 = 5.724656887881285
sMape_34 = 12.249445088635499
sMape_35 = 16.900093802161532
sMape_36 = 28.032586835947086
sMape_37 = 12.47929434880835
sMape_38 = 34.47362886901606
sMape_39 = 7.520189112879259
sMape_40 = 9.699920217217112
sMape_41 = 5.21968595042949
sMape_42 = 0.7384838933774112
sMape_43 = 4.104457434912866
sMape_44 = 3.1516366133444875
sMape_45 = 2.131260777237308
sMape_46 = 1.0297972640876938
sMape_47 = 9.389451251515238
sMape_48 = 11.820764435016178
sMape_49 = 0.591600337005622
sMape_50 = 33.536711501449595
sMape_51 = 3.497435650780492
sMape_52 = 0.41269536958467673
sMape_53 = 1.3827291207562866
sMape_54 = 0.9110715213330635
sMape_55 = 4.053160315984627
sMape_56 = 1.467762476374404
sMape_57 = 0.48187634082967484
sMape_58 = 0.6470960275187125
sMape_59 = 1.0109372053363839
sMape_60 = 0.554964304357289
sMape_61 = 0.38531082375333814
sMape_62 = 0.5861931854313208
sMape_63 = 5.139257801744334
sMape_64 = 0.5291804710751941
sMape_65 = 1.3835062982838584
sMape_66 = 23.795070179456616
sMape_67 = 1.5283138920846047
