Mean over all sMapes = 12.84106494066175
sMape_1 = 1.9161531242299679
sMape_2 = 2.209123833011191
sMape_3 = 5.313081119244218
sMape_4 = 3.485200661717357
sMape_5 = 10.6492373993906
sMape_6 = 8.287536987479099
sMape_7 = 1.7082718659404177
sMape_8 = 0.9924368228964584
sMape_9 = 3.8610450188749623
sMape_10 = 14.670469433864467
sMape_11 = 1.5922104595318727
sMape_12 = 2.7725260392020523
sMape_13 = 6.810466114626715
sMape_14 = 5.1541058547528165
sMape_15 = 14.237954533227168
sMape_16 = 9.016183029915874
sMape_17 = 13.132778795648232
sMape_18 = 16.912508216753185
sMape_19 = 7.671645616344815
sMape_20 = 6.870633053539307
sMape_21 = 18.193830405176026
sMape_22 = 12.013574535508381
sMape_23 = 8.694163788711755
sMape_24 = 7.822039853329259
sMape_25 = 6.815026718321603
sMape_26 = 4.577376218210329
sMape_27 = 9.644283577441488
sMape_28 = 7.959820956216333
sMape_29 = 16.109732994880307
sMape_30 = 14.65216338856694
sMape_31 = 3.7657784377858707
sMape_32 = 3.628041806956608
sMape_33 = 7.8741341694560205
sMape_34 = 13.163358665834494
sMape_35 = 5.062181649781489
sMape_36 = 6.414590520417655
sMape_37 = 12.697575807037934
sMape_38 = 7.581752318332523
sMape_39 = 21.58933842642462
sMape_40 = 9.896769793638844
sMape_41 = 14.355720359797653
sMape_42 = 20.554222118861343
sMape_43 = 8.398482926152024
sMape_44 = 4.663207717049275
sMape_45 = 19.12443357496854
sMape_46 = 21.379117329092622
sMape_47 = 6.427055858647406
sMape_48 = 12.136119817563213
sMape_49 = 1.904833230547984
sMape_50 = 1.3602617366050789
sMape_51 = 8.760444867414872
sMape_52 = 20.4448629102357
sMape_53 = 0.725115862872164
sMape_54 = 0.3495074527929387
sMape_55 = 0.6542110185669906
sMape_56 = 24.009392862898686
sMape_57 = 54.23946095117479
sMape_58 = 63.323511040841474
sMape_59 = 18.999291838159436
sMape_60 = 27.634373889807932
sMape_61 = 28.44222154906488
sMape_62 = 25.401948781392264
sMape_63 = 68.58646473325139
sMape_64 = 20.90564113760658
sMape_65 = 24.933861840560812
sMape_66 = 20.334224181170704
sMape_67 = 13.037233235917848
sMape_68 = 5.909900074985652
sMape_69 = 6.172392633309701
sMape_70 = 6.916002576767315
sMape_71 = 24.406385239153863
sMape_72 = 14.64767036819558
