Mean over all sMapes = 12.707562634558604
sMape_1 = 1.545084331812626
sMape_2 = 1.6007233910796397
sMape_3 = 4.233361143354319
sMape_4 = 2.625591020238338
sMape_5 = 10.881238042797287
sMape_6 = 8.141960813604314
sMape_7 = 1.843825529523651
sMape_8 = 1.056045222562119
sMape_9 = 4.097590365855881
sMape_10 = 4.79350327920176
sMape_11 = 0.7858709342419801
sMape_12 = 1.8031349462333737
sMape_13 = 8.204842285942483
sMape_14 = 6.889951794429609
sMape_15 = 13.096930626918631
sMape_16 = 6.594062063768217
sMape_17 = 11.577151864002056
sMape_18 = 14.820753456886711
sMape_19 = 7.5802164197911175
sMape_20 = 6.94912252103433
sMape_21 = 17.88414413387781
sMape_22 = 12.276940014267398
sMape_23 = 9.572750472300012
sMape_24 = 9.693614619515444
sMape_25 = 6.8632488325309815
sMape_26 = 4.822407326551431
sMape_27 = 9.752042122987541
sMape_28 = 9.505225766112167
sMape_29 = 13.710102174350878
sMape_30 = 12.713019057039299
sMape_31 = 3.694824381569411
sMape_32 = 3.7128821503585376
sMape_33 = 7.941698566377031
sMape_34 = 10.490628538949814
sMape_35 = 5.025197798180231
sMape_36 = 8.034221017381684
sMape_37 = 12.337658173229261
sMape_38 = 7.211406200508665
sMape_39 = 21.134578937694315
sMape_40 = 9.291181697866913
sMape_41 = 13.346365394974558
sMape_42 = 21.01763816882961
sMape_43 = 8.425582268543174
sMape_44 = 6.6225802220217105
sMape_45 = 19.300228797660143
sMape_46 = 16.261556834387957
sMape_47 = 5.8112884015020105
sMape_48 = 11.61873904592933
sMape_49 = 1.6442460184529453
sMape_50 = 1.2855536867141555
sMape_51 = 20.102550335983103
sMape_52 = 21.909885168543006
sMape_53 = 0.7638395135409678
sMape_54 = 0.28888062851450236
sMape_55 = 0.6175093680272574
sMape_56 = 24.59295433034063
sMape_57 = 53.74304627660368
sMape_58 = 83.41844133372695
sMape_59 = 8.45349164615494
sMape_60 = 20.3261031841435
sMape_61 = 33.687264841810496
sMape_62 = 23.451309792757215
sMape_63 = 60.184654110598856
sMape_64 = 17.27328253304604
sMape_65 = 17.199173067476817
sMape_66 = 13.244177945399318
sMape_67 = 32.669839312876015
sMape_68 = 11.95675016096389
sMape_69 = 7.59822702517369
sMape_70 = 5.300368981330067
sMape_71 = 27.843341663298887
sMape_72 = 10.196907593966746
