Mean over all sMapes = 14.258602000947064
sMape_1 = 13.950248085337154
sMape_2 = 15.274471880525411
sMape_3 = 13.551086036978624
