Mean over all sMapes = 14.816483148973822
sMape_1 = 14.585574886851733
sMape_2 = 15.79667561494314
sMape_3 = 14.067198945126588
