Mean over all sMapes = 12.141791105663092
sMape_1 = 2.0153598125663916
sMape_2 = 1.2190398963406104
sMape_3 = 5.059550220575649
sMape_4 = 3.9882926986873244
sMape_5 = 9.561686268017521
sMape_6 = 6.519881034087895
sMape_7 = 2.289158112634908
sMape_8 = 2.21320329656848
sMape_9 = 5.165771197512015
sMape_10 = 5.36393929220075
sMape_11 = 2.1257504940049063
sMape_12 = 2.7423028277591426
sMape_13 = 8.666265212949712
sMape_14 = 9.298577185874525
sMape_15 = 15.738774127123653
sMape_16 = 6.961551009209797
sMape_17 = 16.671306602301918
sMape_18 = 11.903254233814312
sMape_19 = 5.73732354942009
sMape_20 = 7.886631291663303
sMape_21 = 24.96909333882658
sMape_22 = 10.143322030525786
sMape_23 = 12.525067741368348
sMape_24 = 8.979903185306522
sMape_25 = 8.113891434123092
sMape_26 = 5.448478172710103
sMape_27 = 10.350236524840009
sMape_28 = 13.03513049464363
sMape_29 = 16.695957993952838
sMape_30 = 12.59406741036668
sMape_31 = 10.943021093363715
sMape_32 = 5.399042529008164
sMape_33 = 9.048187424613321
sMape_34 = 11.11275739943487
sMape_35 = 5.854808219297685
sMape_36 = 7.281959929676685
sMape_37 = 14.932691561651382
sMape_38 = 7.124655112685831
sMape_39 = 25.46016254382204
sMape_40 = 10.098628573144373
sMape_41 = 17.79506465173769
sMape_42 = 17.11691331635492
sMape_43 = 7.664843482524403
sMape_44 = 6.860289963088586
sMape_45 = 16.51366676830503
sMape_46 = 13.831847544745516
sMape_47 = 6.242000811251586
sMape_48 = 15.387251980095993
sMape_49 = 1.4060312703290438
sMape_50 = 0.9443916480481851
sMape_51 = 8.15087727078463
sMape_52 = 23.193695371540183
sMape_53 = 0.6056000195216298
sMape_54 = 0.21363747628780796
sMape_55 = 0.2573123017346662
sMape_56 = 20.536397338993538
sMape_57 = 21.83389381157444
sMape_58 = 31.004415854404126
sMape_59 = 7.059905094857598
sMape_60 = 9.049225288514705
sMape_61 = 29.819021046201673
sMape_62 = 46.89883602941869
sMape_63 = 74.25351995784112
sMape_64 = 53.644221808298234
sMape_65 = 6.735926864302362
sMape_66 = 13.47727154246107
sMape_67 = 15.48388824353228
sMape_68 = 2.3378936883895878
sMape_69 = 6.960827100697421
sMape_70 = 2.363525555519053
sMape_71 = 14.661891233432952
sMape_72 = 20.666194196279438
