Mean over all sMapes = 14.716592748788516
sMape_1 = 14.722814215289153
sMape_2 = 15.791680793295388
sMape_3 = 13.63528323778101
