Mean over all sMapes = 14.09462170093348
sMape_1 = 2.251413481184138
sMape_2 = 2.277812665144356
sMape_3 = 5.453745807035468
sMape_4 = 9.884714418251168
sMape_5 = 13.763395906030022
sMape_6 = 10.933570700593563
sMape_7 = 8.32699584658838
sMape_8 = 1.4683396401090065
sMape_9 = 5.544664883015995
sMape_10 = 5.314018588150751
sMape_11 = 1.4680814160559157
sMape_12 = 7.03584382243011
sMape_13 = 9.306490520252902
sMape_14 = 7.647502399915036
sMape_15 = 19.05432004278944
sMape_16 = 7.194792407963786
sMape_17 = 18.207091155020898
sMape_18 = 17.126030096469155
sMape_19 = 5.406567106788488
sMape_20 = 8.353031879313527
sMape_21 = 22.143786679794246
sMape_22 = 18.674332627812703
sMape_23 = 21.34630533395612
sMape_24 = 11.664645109545129
sMape_25 = 6.798829963376875
sMape_26 = 6.619299451072476
sMape_27 = 15.782748647663109
sMape_28 = 9.016161081587214
sMape_29 = 23.423743816147137
sMape_30 = 15.162832348140007
sMape_31 = 9.428960392289047
sMape_32 = 6.223618537937728
sMape_33 = 9.60397495600907
sMape_34 = 16.14786435980481
sMape_35 = 8.376184445345874
sMape_36 = 24.075475294129
sMape_37 = 13.525962708575381
sMape_38 = 6.429796837482931
sMape_39 = 21.13690454993907
sMape_40 = 17.27325946617264
sMape_41 = 17.36250885482413
sMape_42 = 18.68111439302427
sMape_43 = 9.092607068458184
sMape_44 = 9.816945761255507
sMape_45 = 20.41642273937931
sMape_46 = 20.77700323067404
sMape_47 = 11.141683574684789
sMape_48 = 14.254444496586649
sMape_49 = 2.781619739929885
sMape_50 = 1.8458822933772192
sMape_51 = 14.162403315577517
sMape_52 = 23.94438774230092
sMape_53 = 0.5327295449978787
sMape_54 = 0.15486207905525678
sMape_55 = 0.25555310868455366
sMape_56 = 21.72415990001034
sMape_57 = 23.252961225082306
sMape_58 = 17.327567789254015
sMape_59 = 7.6073511312059265
sMape_60 = 11.630465255494968
sMape_61 = 30.792232782164348
sMape_62 = 47.34559429635644
sMape_63 = 66.1127178913762
sMape_64 = 66.8965988622945
sMape_65 = 9.267433534775392
sMape_66 = 10.417670681578224
sMape_67 = 10.531091398970977
sMape_68 = 9.799861058636154
sMape_69 = 30.012307125831107
sMape_70 = 1.8059317874678638
sMape_71 = 14.792906150827589
sMape_72 = 21.402634263191445
