Mean over all sMapes = 15.233594237273186
sMape_1 = 1.5861275641504053
sMape_2 = 1.4182339737376157
sMape_3 = 4.263823401997436
sMape_4 = 5.6154038496137035
sMape_5 = 10.536381584741772
sMape_6 = 11.533796688906971
sMape_7 = 2.5242670109338885
sMape_8 = 4.317556689950803
sMape_9 = 3.694956168800725
sMape_10 = 12.78874771524349
sMape_11 = 1.2508140543240316
sMape_12 = 2.034530014607888
sMape_13 = 8.229087509457031
sMape_14 = 6.956809016772718
sMape_15 = 13.233803719213155
sMape_16 = 7.886203454474846
sMape_17 = 13.182612401739716
sMape_18 = 19.940425027836042
sMape_19 = 7.6241056777972345
sMape_20 = 6.906697377417741
sMape_21 = 19.485305893002593
sMape_22 = 13.434515049086333
sMape_23 = 9.138485447320683
sMape_24 = 8.367398609629024
sMape_25 = 7.363500255892001
sMape_26 = 4.866027100379542
sMape_27 = 8.615702292267132
sMape_28 = 10.029358366809566
sMape_29 = 13.637784452467763
sMape_30 = 16.023460176275986
sMape_31 = 7.241108193825334
sMape_32 = 7.9971676189571586
sMape_33 = 8.132948368601213
sMape_34 = 11.002177642510661
sMape_35 = 5.037764647409197
sMape_36 = 7.321610070015952
sMape_37 = 11.935051473255601
sMape_38 = 7.198526579935281
sMape_39 = 21.17140655090737
sMape_40 = 10.362001571563358
sMape_41 = 13.276452522596271
sMape_42 = 23.997264383112814
sMape_43 = 9.03392654472308
sMape_44 = 9.648904970469815
sMape_45 = 19.717293006535023
sMape_46 = 15.068340799006293
sMape_47 = 5.891145534280195
sMape_48 = 11.580701868204086
sMape_49 = 4.5676315250649395
sMape_50 = 1.2569060484914312
sMape_51 = 19.737113983860596
sMape_52 = 27.867333563977386
sMape_53 = 0.8007363134661488
sMape_54 = 2.540514860803355
sMape_55 = 0.4964983053745521
sMape_56 = 30.140551830060797
sMape_57 = 54.46698405048078
sMape_58 = 88.54794481938427
sMape_59 = 8.24835619026041
sMape_60 = 44.58615991046427
sMape_61 = 52.163810665153996
sMape_62 = 30.121178167902467
sMape_63 = 88.9792620673617
sMape_64 = 25.81829275215745
sMape_65 = 19.578369010712994
sMape_66 = 52.57908092041374
sMape_67 = 24.405099711728393
sMape_68 = 4.772314412147467
sMape_69 = 13.207120814135905
sMape_70 = 5.488306564763
sMape_71 = 25.745076736639856
sMape_72 = 8.60442896810703
