Mean over all sMapes = 14.730829482974736
sMape_1 = 14.744011971397988
sMape_2 = 15.830176968168805
sMape_3 = 13.618299509357417
