Mean over all sMapes = 25.511346380101557
sMape_1 = 29.527647863839356
sMape_2 = 30.17743921065243
sMape_3 = 29.605076617701886
sMape_4 = 22.926651162562525
sMape_5 = 31.36847490434394
sMape_6 = 33.74123440871522
sMape_7 = 28.03115677422527
sMape_8 = 20.53891618864009
sMape_9 = 11.759412037364537
sMape_10 = 17.43745463297028
