Mean over all sMapes = 22.894180945725434
sMape_1 = 30.76932332594669
sMape_2 = 32.60163750294332
sMape_3 = 20.954512261306864
sMape_4 = 21.528321152908894
sMape_5 = 28.97562991339308
sMape_6 = 26.368629161733644
sMape_7 = 28.043845457678245
sMape_8 = 15.188283887876244
sMape_9 = 7.655426407385018
sMape_10 = 16.856200386082364
