Mean over all sMapes = 23.213748608234333
sMape_1 = 29.198323383034
sMape_2 = 29.9576891924285
sMape_3 = 25.242783842880474
sMape_4 = 17.28726007427208
sMape_5 = 31.236243396908943
sMape_6 = 27.48687998495448
sMape_7 = 29.143970542657804
sMape_8 = 18.300678770308604
sMape_9 = 8.087876339249597
sMape_10 = 16.195780555648838
