Mean over all sMapes = 23.74884716853842
sMape_1 = 28.141594379955365
sMape_2 = 32.57991594820531
sMape_3 = 29.60527475304292
sMape_4 = 21.456942139813897
sMape_5 = 30.032929568450626
sMape_6 = 28.878862985547954
sMape_7 = 26.353921913016965
sMape_8 = 15.140244744142104
sMape_9 = 7.488309509677467
sMape_10 = 17.810475743531565
