Mean over all sMapes = 14.598288761654688
sMape_1 = 14.424764929040085
sMape_2 = 15.819395720156987
sMape_3 = 13.550705635766997
