Mean over all sMapes = 14.970903037647389
sMape_1 = 14.769078679643883
sMape_2 = 15.872039121047198
sMape_3 = 14.271591312251083
