Mean over all sMapes = 4.339988046336953
sMape_1 = 1.583880334113266
sMape_2 = 1.444341771457787
sMape_3 = 4.2949195714815325
sMape_4 = 3.8868254906080417
sMape_5 = 10.489973064024136
