Mean over all sMapes = 12.862238811471068
sMape_1 = 1.55763180806972
sMape_2 = 1.442756316753325
sMape_3 = 4.050567679895769
sMape_4 = 4.858062987507434
sMape_5 = 10.522764271144192
sMape_6 = 12.880524359209469
sMape_7 = 2.8486583603835074
sMape_8 = 1.1604465653631026
sMape_9 = 3.6327182950118546
sMape_10 = 6.200803735961952
sMape_11 = 0.7587845971715498
sMape_12 = 1.9143862006227974
sMape_13 = 8.226418250361275
sMape_14 = 6.77262644932162
sMape_15 = 14.821883489411555
sMape_16 = 8.63770401969232
sMape_17 = 13.881278980725023
sMape_18 = 19.21301862892843
sMape_19 = 7.579363784171687
sMape_20 = 6.940794129849816
sMape_21 = 18.235602260818148
sMape_22 = 13.191550352658396
sMape_23 = 9.163362248640459
sMape_24 = 8.508016959728305
sMape_25 = 6.930633350387215
sMape_26 = 4.716900716715828
sMape_27 = 9.274060392387318
sMape_28 = 10.803511141244924
sMape_29 = 14.229059309517151
sMape_30 = 15.137809503121986
sMape_31 = 4.916426812053731
sMape_32 = 3.5995257057817245
sMape_33 = 7.848193364395363
sMape_34 = 10.859334673767892
sMape_35 = 5.018347196235052
sMape_36 = 7.522651325253259
sMape_37 = 12.20577481736526
sMape_38 = 7.056812895271568
sMape_39 = 21.109785598495638
sMape_40 = 9.55174339258294
sMape_41 = 13.318452601313785
sMape_42 = 23.66558516662814
sMape_43 = 8.55035655696767
sMape_44 = 6.4416463397029515
sMape_45 = 19.283486885126255
sMape_46 = 16.58230604178392
sMape_47 = 5.904569097872081
sMape_48 = 11.643100516695963
sMape_49 = 3.3121750076860508
sMape_50 = 3.795506887280197
sMape_51 = 12.061753674060633
sMape_52 = 21.87573855082119
sMape_53 = 0.767500459856964
sMape_54 = 0.28534737676637423
sMape_55 = 0.4964983053745521
sMape_56 = 26.461098099849917
sMape_57 = 54.395611068461946
sMape_58 = 74.4845604361703
sMape_59 = 8.25809271867338
sMape_60 = 21.24385367666285
sMape_61 = 30.924981911162057
sMape_62 = 27.210826814755112
sMape_63 = 58.707973956810655
sMape_64 = 24.60973782673241
sMape_65 = 19.6149811644112
sMape_66 = 13.208367182794703
sMape_67 = 24.411940529637256
sMape_68 = 4.772383598004046
sMape_69 = 7.387730756045106
sMape_70 = 6.474299066687012
sMape_71 = 25.745067808395756
sMape_72 = 12.405369416747995
