Mean over all sMapes = 24.411768349951767
sMape_1 = 19.184598825483516
sMape_2 = 15.290346455662954
sMape_3 = 17.207421741591098
sMape_4 = 16.36201806515606
sMape_5 = 43.83346642867904
sMape_6 = 31.400524260539726
sMape_7 = 16.667399112831234
sMape_8 = 26.295121978786902
sMape_9 = 23.187349175555056
sMape_10 = 25.904889646493505
sMape_11 = 27.86885853004415
sMape_12 = 28.698790700144894
sMape_13 = 25.910740308461317
sMape_14 = 23.953231669895356
