Mean over all sMapes = 6.8859759944659755
sMape_1 = 0.6173574369451296
sMape_2 = 0.41780330805121196
sMape_3 = 1.1898436711812872
sMape_4 = 1.0766992443957104
sMape_5 = 3.473027654522534
sMape_6 = 3.223642861492517
sMape_7 = 0.41054473881265857
sMape_8 = 0.9214179947294868
sMape_9 = 0.9794815574339486
sMape_10 = 2.513667772403783
sMape_11 = 0.5881774684434651
sMape_12 = 0.9250266153114415
sMape_13 = 0.9689833442044745
sMape_14 = 2.8368847593400837
sMape_15 = 4.871983630164697
sMape_16 = 41.31777866845027
sMape_17 = 3.0725504244360744
sMape_18 = 10.831799264435215
sMape_19 = 2.532354898571014
sMape_20 = 1.2371034968700405
sMape_21 = 6.617028618960299
sMape_22 = 7.216381135438709
sMape_23 = 2.7035691671485362
sMape_24 = 1.0378357049226419
sMape_25 = 1.7899248221541815
sMape_26 = 1.2986295265681247
sMape_27 = 2.3525702281456096
sMape_28 = 2.922562621601222
sMape_29 = 5.562466474992465
sMape_30 = 5.1264435420519705
sMape_31 = 1.5612118206454881
sMape_32 = 1.3909724398254857
sMape_33 = 2.2253441750700556
sMape_34 = 3.510961603453288
sMape_35 = 1.4501529086004459
sMape_36 = 3.3231670874474846
sMape_37 = 2.920205250187026
sMape_38 = 3.499914964953487
sMape_39 = 6.848335487404901
sMape_40 = 2.7205829642904082
sMape_41 = 3.9282537123342065
sMape_42 = 6.757566290520045
sMape_43 = 2.5832060393146032
sMape_44 = 0.7249927633124814
sMape_45 = 6.993667758124253
sMape_46 = 6.158208028231429
sMape_47 = 2.4959377629062387
sMape_48 = 4.030850273104967
sMape_49 = 0.6522456061667077
sMape_50 = 0.2970161438552674
sMape_51 = 47.39950324814594
sMape_52 = 11.672163068540543
sMape_53 = 0.690270260183383
sMape_54 = 0.6351683456215608
sMape_55 = 0.1616259920468336
sMape_56 = 13.183434580476208
sMape_57 = 12.402568059600016
sMape_58 = 48.08336958547404
sMape_59 = 17.113730042579746
sMape_60 = 9.941612961598185
sMape_61 = 9.08166675741227
sMape_62 = 16.889659324836483
sMape_63 = 20.27681305653861
sMape_64 = 13.141835878779471
sMape_65 = 5.3180882949132435
sMape_66 = 7.1969642336038335
sMape_67 = 11.811879936129396
sMape_68 = 8.667413574924133
sMape_69 = 3.113740340251212
sMape_70 = 25.32028400486135
sMape_71 = 21.511132629297677
sMape_72 = 7.471013693808978
