Mean over all sMapes = 6.098246217237625
sMape_1 = 2.5730978591545375
sMape_2 = 1.6889472220877948
sMape_3 = 5.660948379325795
sMape_4 = 7.290321180555486
sMape_5 = 13.27791644506451
