Mean over all sMapes = 5.892696201383183
sMape_1 = 3.11830609995851
sMape_2 = 1.7232403367724907
sMape_3 = 5.623843146374965
sMape_4 = 6.7730796661929995
sMape_5 = 12.225011757616947
