Mean over all sMapes = 5.97263101037308
sMape_1 = 1.8060453438819175
sMape_2 = 4.78337872613925
sMape_3 = 4.9437193181768695
sMape_4 = 5.958713607944973
sMape_5 = 12.371298055722391
