Mean over all sMapes = 4.238993668965454
sMape_1 = 1.9995038923395307
sMape_2 = 1.897848105397346
sMape_3 = 5.0434664275390775
sMape_4 = 3.551594225673709
sMape_5 = 8.702555693877612
