Mean over all sMapes = 14.783814892181278
sMape_1 = 14.394366527073638
sMape_2 = 15.87390891676635
sMape_3 = 14.083169232703845
