Mean over all sMapes = 22.863347718844928
sMape_1 = 14.722837036559861
sMape_2 = 15.791717562105188
sMape_3 = 13.635190432925995
sMape_4 = 24.170619016546617
sMape_5 = 33.774562224198725
sMape_6 = 31.258719245663936
sMape_7 = 13.673266094894862
sMape_8 = 23.590718142776304
sMape_9 = 22.48776271476755
sMape_10 = 17.416514683812107
sMape_11 = 32.862339891962336
sMape_12 = 22.963306385220143
sMape_13 = 18.235478955210436
sMape_14 = 16.701819238585706
sMape_15 = 17.33802510809675
sMape_16 = 14.336618034851774
sMape_17 = 27.18639284935765
sMape_18 = 20.404324997247617
sMape_19 = 17.067588097859936
sMape_20 = 19.21437498733151
sMape_21 = 15.079513956030786
sMape_22 = 13.044698081101641
sMape_23 = 23.128196650397467
sMape_24 = 23.96538785730044
sMape_25 = 19.414275735634885
sMape_26 = 18.401547908755646
sMape_27 = 25.6635897623689
sMape_28 = 21.108933481072288
sMape_29 = 22.273150762681862
sMape_30 = 29.50900735954797
sMape_31 = 17.58103952818725
sMape_32 = 20.93996730803675
sMape_33 = 26.858196163390275
sMape_34 = 18.06795513990582
sMape_35 = 22.935592010638526
sMape_36 = 28.989539937028052
sMape_37 = 36.913220295291595
sMape_38 = 16.645973190938165
sMape_39 = 19.165515955729465
sMape_40 = 19.202967409734345
sMape_41 = 27.934931436266613
sMape_42 = 17.50933289628403
sMape_43 = 21.18324398067201
sMape_44 = 16.6760239442866
sMape_45 = 22.41084077909213
sMape_46 = 18.95710396699874
sMape_47 = 14.784962851447464
sMape_48 = 29.424240157093408
sMape_49 = 19.96724830552421
sMape_50 = 32.60513005272475
sMape_51 = 23.73169821360037
sMape_52 = 17.730868181192765
sMape_53 = 16.466756019238733
sMape_54 = 27.932760340065776
sMape_55 = 16.12056213081494
sMape_56 = 33.44413018461415
sMape_57 = 18.540288716072144
sMape_58 = 18.554165389413026
sMape_59 = 34.194990996196736
sMape_60 = 64.44524888625251
sMape_61 = 21.63359795173483
sMape_62 = 23.60462807984219
sMape_63 = 20.544538069248777
sMape_64 = 28.654530799819998
sMape_65 = 16.811876044843498
sMape_66 = 21.182137384408882
sMape_67 = 23.560311809493495
sMape_68 = 27.51046319492781
sMape_69 = 25.701257816276385
sMape_70 = 14.53845582912888
sMape_71 = 38.62643076892291
sMape_72 = 27.092569755428443
sMape_73 = 19.521475517690146
sMape_74 = 19.669931585648225
sMape_75 = 22.438469104646384
sMape_76 = 15.713439473756377
sMape_77 = 19.35881361284037
sMape_78 = 20.898159559868063
sMape_79 = 18.80412064269429
sMape_80 = 22.530437540100422
sMape_81 = 22.17006182670021
sMape_82 = 18.750131980378043
sMape_83 = 20.070970322044474
sMape_84 = 18.545358144160286
sMape_85 = 23.556324016196825
sMape_86 = 37.473640395321944
sMape_87 = 16.230737166185364
sMape_88 = 44.93378631412148
sMape_89 = 28.53185878322503
sMape_90 = 26.08950664131643
sMape_91 = 23.967734725871374
sMape_92 = 22.45823948586436
sMape_93 = 24.46340082617748
sMape_94 = 22.558131384943238
sMape_95 = 20.967850586000615
sMape_96 = 21.521033391994916
sMape_97 = 28.319868723960496
sMape_98 = 28.14477137889361
sMape_99 = 18.236121622656412
sMape_100 = 17.641297545037585
sMape_101 = 16.309868301233067
sMape_102 = 26.485627860581694
sMape_103 = 26.23670569757855
sMape_104 = 20.10113795383499
sMape_105 = 22.843603038988512
sMape_106 = 16.393071711722985
sMape_107 = 34.466760858640114
sMape_108 = 20.848501345669106
sMape_109 = 12.542379850034354
sMape_110 = 41.4321998465338
sMape_111 = 18.81029890300068
