Mean over all sMapes = 36.579318732506124
sMape_1 = 22.26043988754582
sMape_2 = 39.01627185596772
sMape_3 = 31.60390307942778
sMape_4 = 71.35866675323341
sMape_5 = 32.00907824735513
sMape_6 = 23.227552571506884
