Mean over all sMapes = 11.88611964947212
sMape_1 = 5.028282124453766
sMape_2 = 1.6021972246187226
sMape_3 = 5.3839903597415715
sMape_4 = 3.0221037109927447
sMape_5 = 10.059104984177516
sMape_6 = 7.080679862463452
sMape_7 = 2.1570694438013738
sMape_8 = 1.3819003331863695
sMape_9 = 3.888440766028408
sMape_10 = 6.079999056747399
sMape_11 = 3.032110986004224
sMape_12 = 2.589834874367651
sMape_13 = 9.422426120609133
sMape_14 = 8.51673335919056
sMape_15 = 14.384140907725671
sMape_16 = 7.888616831592329
sMape_17 = 16.41486416969597
sMape_18 = 12.301376328726061
sMape_19 = 5.937154538850279
sMape_20 = 7.910025294807436
sMape_21 = 25.309971830343432
sMape_22 = 19.522730602344048
sMape_23 = 10.743603811895056
sMape_24 = 8.602905158857865
sMape_25 = 7.71182957315064
sMape_26 = 6.343294430413689
sMape_27 = 13.864576744123621
sMape_28 = 11.07777363326851
sMape_29 = 13.231825065947959
sMape_30 = 13.662459990034328
sMape_31 = 10.274309431155036
sMape_32 = 3.923951808997688
sMape_33 = 10.150610036505007
sMape_34 = 10.57513242927291
sMape_35 = 5.354664043202709
sMape_36 = 6.27166740563563
sMape_37 = 15.622986998647011
sMape_38 = 6.568923129788305
sMape_39 = 24.833116659221186
sMape_40 = 14.010616482221156
sMape_41 = 17.002433755078947
sMape_42 = 18.311072049052225
sMape_43 = 10.226132042725986
sMape_44 = 6.372752486672359
sMape_45 = 17.666083817146568
sMape_46 = 15.768960144268936
sMape_47 = 7.039241765127059
sMape_48 = 14.814852404049159
sMape_49 = 3.2296671227974576
sMape_50 = 1.8552477690704419
sMape_51 = 9.866769601164691
sMape_52 = 29.511383200563806
sMape_53 = 0.5830299420468958
sMape_54 = 0.22329056625387333
sMape_55 = 0.22923167758021112
sMape_56 = 18.551863472396068
sMape_57 = 22.423753833049425
sMape_58 = 23.76981942991802
sMape_59 = 6.958574344613185
sMape_60 = 9.450204801231964
sMape_61 = 14.007084053784178
sMape_62 = 36.41746294317727
sMape_63 = 52.28711985952598
sMape_64 = 52.087948974508514
sMape_65 = 7.621761495648606
sMape_66 = 12.76762129508621
sMape_67 = 15.575416482505275
sMape_68 = 3.9354251803506513
sMape_69 = 15.9890384283309
sMape_70 = 2.7951152017534424
sMape_71 = 14.422411219676757
sMape_72 = 22.301844860031093
