Mean over all sMapes = 14.868763227620235
sMape_1 = 14.909382473061786
sMape_2 = 15.833499435092307
sMape_3 = 13.86340777470661
