Mean over all sMapes = 14.768043464427842
sMape_1 = 14.772797289768436
sMape_2 = 15.870253486775665
sMape_3 = 13.661079616739425
