Mean over all sMapes = 12.391341981383055
sMape_1 = 12.48862855024348
sMape_2 = 9.30082946232287
sMape_3 = 14.568708934629898
sMape_4 = 13.63477795317147
sMape_5 = 11.96376500654756
