Mean over all sMapes = 14.847508971681068
sMape_1 = 14.592558691264406
sMape_2 = 15.76653122704324
sMape_3 = 14.183436996735557
