Mean over all sMapes = 6.434521596658039
sMape_1 = 7.471833322745246
sMape_2 = 3.141787162636716
sMape_3 = 10.69160888496979
sMape_4 = 2.535330936238929
sMape_5 = 8.332047676699512
