Mean over all sMapes = 23.77643415134377
sMape_1 = 25.597888407082603
sMape_2 = 32.88838473238243
sMape_3 = 26.91558950522635
sMape_4 = 20.733370874796663
sMape_5 = 31.139360364471237
sMape_6 = 28.224986573494608
sMape_7 = 27.831379093168923
sMape_8 = 15.60807903744052
sMape_9 = 10.876614839410806
sMape_10 = 17.948688085963536
