Mean over all sMapes = 25.4135903442843
sMape_1 = 32.69444863387593
sMape_2 = 36.10606716982835
sMape_3 = 28.48937709964324
sMape_4 = 24.6685806358836
sMape_5 = 31.937994870063193
sMape_6 = 26.730862774190424
sMape_7 = 28.836032614501672
sMape_8 = 18.992925156140622
sMape_9 = 9.07517852604383
sMape_10 = 16.604435962672138
