Mean over all sMapes = 23.33834142982347
sMape_1 = 31.541612029793065
sMape_2 = 30.921167916727622
sMape_3 = 28.823743748368543
sMape_4 = 20.422855753428905
sMape_5 = 26.02405114463829
sMape_6 = 26.070113200356467
sMape_7 = 28.899249955377808
sMape_8 = 18.895587296272566
sMape_9 = 7.046604393855417
sMape_10 = 14.738428859416025
