Mean over all sMapes = 25.321554021301655
sMape_1 = 31.825687799606833
sMape_2 = 34.292423485763806
sMape_3 = 29.521286242706008
sMape_4 = 22.218991411611075
sMape_5 = 32.72128959592647
sMape_6 = 27.31060232128376
sMape_7 = 27.914023316113486
sMape_8 = 18.00384066453417
sMape_9 = 13.526917450147266
sMape_10 = 15.88047792532366
