Mean over all sMapes = 14.808666724000963
sMape_1 = 14.764223140600025
sMape_2 = 15.99567338039017
sMape_3 = 13.666103651012692
