Mean over all sMapes = 25.523661352428213
sMape_1 = 32.53594297068659
sMape_2 = 32.695993035886374
sMape_3 = 31.468757268281728
sMape_4 = 22.514471623550182
sMape_5 = 30.876650279069352
sMape_6 = 28.368114249782924
sMape_7 = 29.94650916813081
sMape_8 = 20.185984727443596
sMape_9 = 10.061860979845601
sMape_10 = 16.58232922160496
