Mean over all sMapes = 14.90007569945972
sMape_1 = 14.784250024540196
sMape_2 = 15.868087894984395
sMape_3 = 14.047889178854565
