Mean over all sMapes = 14.760347309064278
sMape_1 = 14.761888004585982
sMape_2 = 15.869078143344876
sMape_3 = 13.650075779261972
