Mean over all sMapes = 14.716568657035316
sMape_1 = 14.72283335489744
sMape_2 = 15.791694239583451
sMape_3 = 13.63517837662505
