Mean over all sMapes = 4.3623070023114865
sMape_1 = 1.5764768623441678
sMape_2 = 1.5825841637881377
sMape_3 = 4.122480298150279
sMape_4 = 4.01169924510433
sMape_5 = 10.518294442170518
