Mean over all sMapes = 14.898711670246655
sMape_1 = 14.747025325293151
sMape_2 = 16.049722837152963
sMape_3 = 13.899386848293851
