Mean over all sMapes = 12.258340006786893
sMape_1 = 1.849450389412934
sMape_2 = 1.514059941153447
sMape_3 = 5.228600219343059
sMape_4 = 4.256471747424913
sMape_5 = 9.252387782429398
sMape_6 = 7.394964251139808
sMape_7 = 1.6784640067114913
sMape_8 = 1.4584118871396845
sMape_9 = 4.053991723807618
sMape_10 = 4.714864858948733
sMape_11 = 2.7718028172250064
sMape_12 = 1.9536901594813059
sMape_13 = 10.974647178954553
sMape_14 = 9.085013897806062
sMape_15 = 17.237405164744853
sMape_16 = 7.959827002611841
sMape_17 = 16.316044181677473
sMape_18 = 12.820738255555991
sMape_19 = 5.7361455496333145
sMape_20 = 7.89613447483874
sMape_21 = 25.259147495989996
sMape_22 = 16.278561085215106
sMape_23 = 11.54824211416104
sMape_24 = 9.235707841242824
sMape_25 = 8.413017771664794
sMape_26 = 5.126506564404753
sMape_27 = 13.231556613009113
sMape_28 = 11.964807872603329
sMape_29 = 17.53927460232846
sMape_30 = 11.30278564324575
sMape_31 = 11.25274022281143
sMape_32 = 3.999810396609126
sMape_33 = 7.889714611610045
sMape_34 = 11.581047484479319
sMape_35 = 5.676478407663527
sMape_36 = 7.541291983221061
sMape_37 = 15.39625313226011
sMape_38 = 7.082042379218256
sMape_39 = 24.956452792628514
sMape_40 = 18.57341814526573
sMape_41 = 17.706477279983893
sMape_42 = 18.924121071221336
sMape_43 = 8.611459688036998
sMape_44 = 5.734485647195489
sMape_45 = 21.437492217902264
sMape_46 = 18.343765731290144
sMape_47 = 9.771523809250592
sMape_48 = 13.42074628664246
sMape_49 = 2.71542796420128
sMape_50 = 2.345953621329173
sMape_51 = 10.583098861728242
sMape_52 = 31.211473238569564
sMape_53 = 0.529227388361071
sMape_54 = 0.21200528618685027
sMape_55 = 0.2065717388429355
sMape_56 = 17.067356630881225
sMape_57 = 22.23023046006506
sMape_58 = 28.029737126167387
sMape_59 = 7.158723879566859
sMape_60 = 12.927679286970989
sMape_61 = 16.349561236774008
sMape_62 = 51.85018441957497
sMape_63 = 43.50870761811231
sMape_64 = 49.61141179657152
sMape_65 = 5.440078833792042
sMape_66 = 14.645627738599632
sMape_67 = 15.53279402103573
sMape_68 = 5.817681483026849
sMape_69 = 11.517130245224179
sMape_70 = 5.237171352432936
sMape_71 = 15.740751188302795
sMape_72 = 20.179850691143166
