Mean over all sMapes = 14.72710715606368
sMape_1 = 14.799651064951766
sMape_2 = 15.751926447751696
sMape_3 = 13.629743955487578
