Mean over all sMapes = 24.920585968819726
sMape_1 = 29.424844656507293
sMape_2 = 30.979098227466395
sMape_3 = 28.378154616266514
sMape_4 = 21.567660199276283
sMape_5 = 34.75216073057047
sMape_6 = 25.894324422440256
sMape_7 = 29.694062077901823
sMape_8 = 16.29269629274731
sMape_9 = 14.46717688960808
sMape_10 = 17.75568157541281
