Mean over all sMapes = 14.852798175610944
sMape_1 = 15.062042306213172
sMape_2 = 15.872227990173199
sMape_3 = 13.624124230446464
