Mean over all sMapes = 14.682781667382791
sMape_1 = 14.499191580926679
sMape_2 = 15.924287232718395
sMape_3 = 13.6248661885033
