Mean over all sMapes = 14.842407127285648
sMape_1 = 14.759297012042829
sMape_2 = 15.869284007047726
sMape_3 = 13.898640362766395
