Mean over all sMapes = 35.060355217505
sMape_1 = 27.270782076557076
sMape_2 = 27.628554382827215
sMape_3 = 39.961047981944255
sMape_4 = 41.047916444658334
sMape_5 = 49.63031030431608
sMape_6 = 48.079295557217314
sMape_7 = 26.75087655831419
sMape_8 = 45.94059949740518
sMape_9 = 28.21846416339271
sMape_10 = 27.953939381719746
sMape_11 = 37.47824160340345
sMape_12 = 31.338640993097076
sMape_13 = 31.73709552561275
sMape_14 = 26.445029434852113
sMape_15 = 43.78157634762617
sMape_16 = 38.17626548597306
sMape_17 = 40.68774279953229
sMape_18 = 37.129947145877885
sMape_19 = 41.84185679272657
sMape_20 = 25.664819203183853
sMape_21 = 27.062593245811534
sMape_22 = 26.11941252274001
sMape_23 = 47.93915339977203
sMape_24 = 39.58634937241147
sMape_25 = 30.934639764650967
sMape_26 = 29.298984176117276
sMape_27 = 28.381531767485917
sMape_28 = 36.49411649444176
sMape_29 = 38.69838902064723
sMape_30 = 52.076007350206034
sMape_31 = 33.47622765288379
sMape_32 = 36.218706195538736
sMape_33 = 44.23868183986752
sMape_34 = 34.06264785101941
sMape_35 = 48.99880479062703
sMape_36 = 47.68383643716849
sMape_37 = 57.93573922902196
sMape_38 = 29.191265980072195
sMape_39 = 29.1153894247908
sMape_40 = 24.902037038513345
sMape_41 = 45.107074269025034
sMape_42 = 33.403859639366615
sMape_43 = 26.151695218005987
sMape_44 = 34.00549739636506
sMape_45 = 37.416877248210625
sMape_46 = 27.28836781368218
sMape_47 = 27.17845148515112
sMape_48 = 44.73737967344307
sMape_49 = 38.250121057785115
sMape_50 = 37.47128430426621
sMape_51 = 36.48810324997123
sMape_52 = 54.25396961647447
sMape_53 = 26.21945972324774
sMape_54 = 34.27021676495111
sMape_55 = 30.704484875656174
sMape_56 = 40.77538790618038
sMape_57 = 28.735668500178424
sMape_58 = 40.53944213227996
sMape_59 = 42.8719138034445
sMape_60 = 42.329460699259116
sMape_61 = 33.42114974946041
sMape_62 = 40.14554540098752
sMape_63 = 32.94035169888184
sMape_64 = 44.498959653427136
sMape_65 = 33.198815563119666
sMape_66 = 38.18761075872312
sMape_67 = 25.826311126817043
sMape_68 = 30.150644683426336
sMape_69 = 45.92159501970695
sMape_70 = 28.979388760595885
sMape_71 = 36.77002429718449
sMape_72 = 35.99746665838362
sMape_73 = 45.073641650002024
sMape_74 = 30.038309744054974
sMape_75 = 41.11871275772387
sMape_76 = 25.359317767154888
sMape_77 = 22.988231966376237
sMape_78 = 25.167755859188606
sMape_79 = 35.1282470254458
sMape_80 = 34.98118284030835
sMape_81 = 36.37291349653978
sMape_82 = 31.61708697468096
sMape_83 = 39.53389112888158
sMape_84 = 24.131202498406594
sMape_85 = 43.071606461462224
sMape_86 = 39.54252327893876
sMape_87 = 37.21252381966121
sMape_88 = 43.53096020086532
sMape_89 = 36.01977837215252
sMape_90 = 36.35591386035122
sMape_91 = 29.32986403525194
sMape_92 = 31.975289636403943
sMape_93 = 23.42447790321335
sMape_94 = 30.353445559075414
sMape_95 = 22.22694284898
sMape_96 = 29.82592877219407
sMape_97 = 31.50110454750939
sMape_98 = 34.00890525957925
sMape_99 = 25.467775274801213
sMape_100 = 30.585722387030533
sMape_101 = 20.609118934555685
sMape_102 = 45.10466822187901
sMape_103 = 23.01387162302619
sMape_104 = 35.92582029320922
sMape_105 = 30.08073440315398
sMape_106 = 32.442369436775024
sMape_107 = 43.15392411298205
sMape_108 = 30.936521947017226
sMape_109 = 32.454940258992174
sMape_110 = 33.49989847307731
sMape_111 = 35.12021153046984
