Mean over all sMapes = 14.903633525478062
sMape_1 = 14.716453365386425
sMape_2 = 16.187328787736817
sMape_3 = 13.807118423310943
