Mean over all sMapes = 14.777244515842218
sMape_1 = 15.068253309902113
sMape_2 = 15.647213785232793
sMape_3 = 13.616266452391748
