Mean over all sMapes = 5.926483096117012
sMape_1 = 0.6464745615684915
sMape_2 = 0.6895483151573224
sMape_3 = 1.221512940421981
sMape_4 = 1.2486511825360382
sMape_5 = 3.689884380814116
sMape_6 = 2.7516336752807566
sMape_7 = 0.4062096356799324
sMape_8 = 0.871575045375747
sMape_9 = 1.0731732936146112
sMape_10 = 4.022415012598553
sMape_11 = 1.58863009672286
sMape_12 = 0.9548490310424524
sMape_13 = 1.9944648039689095
sMape_14 = 3.33333539651672
sMape_15 = 4.581887519283028
sMape_16 = 23.24915653742959
sMape_17 = 3.076050836174635
sMape_18 = 17.718837299779146
sMape_19 = 2.379454197187756
sMape_20 = 2.093007568849128
sMape_21 = 7.2645291242701555
sMape_22 = 9.884637481661262
sMape_23 = 2.6551696924089
sMape_24 = 0.8514354812850746
sMape_25 = 1.9099579750383444
sMape_26 = 1.3628964956802596
sMape_27 = 2.8375428329379253
sMape_28 = 3.538010485659529
sMape_29 = 5.489027436769659
sMape_30 = 3.911062593776199
sMape_31 = 1.7818067072741801
sMape_32 = 1.294152720201565
sMape_33 = 2.864245703234609
sMape_34 = 11.941775004582155
sMape_35 = 1.4220737720641667
sMape_36 = 2.9166974779889903
sMape_37 = 4.113444621364964
sMape_38 = 3.5320546843410963
sMape_39 = 5.9437995671764465
sMape_40 = 3.869219276449228
sMape_41 = 5.734677120203133
sMape_42 = 8.884726864540388
sMape_43 = 1.7333050453012453
sMape_44 = 1.5239842418408962
sMape_45 = 5.671059312635237
sMape_46 = 6.446331149756855
sMape_47 = 2.553037249927845
sMape_48 = 3.9979101616880017
sMape_49 = 0.4697559474665683
sMape_50 = 0.3529763857793177
sMape_51 = 2.3322893323714413
sMape_52 = 28.037932664191406
sMape_53 = 0.4583132764204407
sMape_54 = 0.45186710898466625
sMape_55 = 0.17270353679280404
sMape_56 = 13.792874155417575
sMape_57 = 12.784284649820647
sMape_58 = 37.156337769299036
sMape_59 = 17.608416799998437
sMape_60 = 9.90853230676436
sMape_61 = 9.364509883339739
sMape_62 = 17.338732594665174
sMape_63 = 21.481911044697846
sMape_64 = 10.589270025813589
sMape_65 = 6.000131176679787
sMape_66 = 4.136969495000771
sMape_67 = 8.752751247798079
sMape_68 = 6.132937896485488
sMape_69 = 2.7312818287611442
sMape_70 = 3.322334785864552
sMape_71 = 15.560396844270052
sMape_72 = 4.249950553681869
