Mean over all sMapes = 18.00900942212744
sMape_1 = 19.47200350956549
sMape_2 = 16.546015334689397
