Mean over all sMapes = 21.777978925688238
sMape_1 = 28.499829387562926
sMape_2 = 12.385094115390196
sMape_3 = 20.44949224868383
sMape_4 = 22.260790889000077
sMape_5 = 28.042516500959948
sMape_6 = 27.407212561834328
sMape_7 = 28.910089093797442
sMape_8 = 19.449957328368296
sMape_9 = 15.346066896190797
sMape_10 = 15.02874023509458
