Mean over all sMapes = 21.982205140051192
sMape_1 = 3.021586657153536
sMape_2 = 32.75677299737963
sMape_3 = 31.16444818519965
sMape_4 = 20.726884220809513
sMape_5 = 28.99416593779125
sMape_6 = 29.323377560661832
sMape_7 = 29.66684518811698
sMape_8 = 17.597010441778078
sMape_9 = 14.030264961574462
sMape_10 = 12.540695250046982
