Mean over all sMapes = 23.07564665699233
sMape_1 = 28.336811347865464
sMape_2 = 32.59050929804534
sMape_3 = 22.79214427869362
sMape_4 = 19.030207541490647
sMape_5 = 33.00586881024374
sMape_6 = 28.042574119464298
sMape_7 = 27.210505156051557
sMape_8 = 9.345902862275404
sMape_9 = 14.329992341883866
sMape_10 = 16.07195081390937
