Mean over all sMapes = 24.3961645075348
sMape_1 = 33.098737008249095
sMape_2 = 32.33542445756334
sMape_3 = 29.82278185395795
sMape_4 = 19.47200350956549
sMape_5 = 34.08681730335293
sMape_6 = 29.08780175672433
sMape_7 = 29.2106757221385
sMape_8 = 16.546015334689397
sMape_9 = 8.486533566802654
sMape_10 = 11.814854562304305
