Mean over all sMapes = 12.568814760863756
sMape_1 = 1.5552614854641913
sMape_2 = 1.5971181281806306
sMape_3 = 4.271648530645229
sMape_4 = 2.626888043771405
sMape_5 = 10.342991825627008
sMape_6 = 8.077013560780784
sMape_7 = 1.990677830561325
sMape_8 = 1.0730160134158495
sMape_9 = 4.152312933064939
sMape_10 = 5.610027891618344
sMape_11 = 0.7740486429723271
sMape_12 = 1.8376567949455267
sMape_13 = 8.21504149751014
sMape_14 = 7.0817598670875155
sMape_15 = 13.267892660020419
sMape_16 = 6.521572161159332
sMape_17 = 13.079123124763298
sMape_18 = 14.993683785597137
sMape_19 = 7.848606011307364
sMape_20 = 6.721258004380632
sMape_21 = 17.79408937364108
sMape_22 = 12.307106597142523
sMape_23 = 8.65015597913553
sMape_24 = 9.052121681057779
sMape_25 = 7.15913894052938
sMape_26 = 4.824540156764201
sMape_27 = 9.137856230468243
sMape_28 = 9.592527610125602
sMape_29 = 13.960326057412322
sMape_30 = 12.68538872193658
sMape_31 = 3.626860698765739
sMape_32 = 3.6801615580019145
sMape_33 = 7.908150184454348
sMape_34 = 11.952268818152168
sMape_35 = 5.017949506695554
sMape_36 = 8.179850094156581
sMape_37 = 12.434495789007249
sMape_38 = 7.129792924547643
sMape_39 = 21.166543674227857
sMape_40 = 9.311577879140149
sMape_41 = 13.314679221345912
sMape_42 = 21.161145770408343
sMape_43 = 8.439502990519953
sMape_44 = 5.622106507131219
sMape_45 = 19.29963985001755
sMape_46 = 17.356158868974237
sMape_47 = 5.891853784743512
sMape_48 = 11.8382139341799
sMape_49 = 1.667945880963086
sMape_50 = 1.349845606166085
sMape_51 = 14.043217682082792
sMape_52 = 21.889484872022642
sMape_53 = 0.7987372826248199
sMape_54 = 0.28360100127674903
sMape_55 = 0.5206326897046938
sMape_56 = 25.14011130176021
sMape_57 = 53.72822975442597
sMape_58 = 84.42612033925042
sMape_59 = 8.608359327654963
sMape_60 = 21.693670150473764
sMape_61 = 25.811881128571372
sMape_62 = 23.672689431606923
sMape_63 = 63.451902625954496
sMape_64 = 17.29457352339852
sMape_65 = 20.346156851318273
sMape_66 = 12.603873566789355
sMape_67 = 32.99038696644991
sMape_68 = 5.51272581859164
sMape_69 = 6.964012893184791
sMape_70 = 4.931548219260646
sMape_71 = 26.983634410377327
sMape_72 = 10.109519262724504
