Mean over all sMapes = 4.418435637912047
sMape_1 = 1.5480309309418947
sMape_2 = 1.7036472295086715
sMape_3 = 4.70727030921791
sMape_4 = 3.324470387272169
sMape_5 = 10.80875933261959
