Mean over all sMapes = 4.3860878456995405
sMape_1 = 1.5491954977974205
sMape_2 = 1.6730466043113734
sMape_3 = 4.782075172136232
sMape_4 = 3.126356916028001
sMape_5 = 10.79976503822468
