Mean over all sMapes = 4.424011278628892
sMape_1 = 1.5379285086029462
sMape_2 = 1.6653445944451968
sMape_3 = 4.756452443653891
sMape_4 = 3.221457599986276
sMape_5 = 10.938873246456152
