Mean over all sMapes = 4.342988484580443
sMape_1 = 1.5388134128213862
sMape_2 = 1.6518079997312207
sMape_3 = 4.798628686062423
sMape_4 = 3.0997886044626903
sMape_5 = 10.6259037198245
