Mean over all sMapes = 14.85163267939013
sMape_1 = 14.909412088435689
sMape_2 = 15.833465637968924
sMape_3 = 13.812020311765776
