Mean over all sMapes = 15.014050216090334
sMape_1 = 15.053205174092966
sMape_2 = 16.195936106923053
sMape_3 = 13.793009367254982
