Mean over all sMapes = 23.115196430630093
sMape_1 = 29.29847695641086
sMape_2 = 33.720179305356936
sMape_3 = 28.634226595216788
sMape_4 = 19.211890576589838
sMape_5 = 33.68222784994201
sMape_6 = 24.54363506867014
sMape_7 = 15.957313399539984
sMape_8 = 21.543647874864142
sMape_9 = 9.004900788188747
sMape_10 = 16.223669031893337
sMape_11 = 32.0783831035402
sMape_12 = 19.184598825483516
sMape_13 = 21.51188633198814
sMape_14 = 16.84450971571515
sMape_15 = 26.95424743273092
sMape_16 = 42.69133144215386
sMape_17 = 24.774408221500984
sMape_18 = 30.502656762430725
sMape_19 = 31.29046978352596
sMape_20 = 17.846468654654917
sMape_21 = 17.17154776731529
sMape_22 = 25.093744870672847
sMape_23 = 25.02181529860557
sMape_24 = 5.890675866225069
sMape_25 = 22.631419826440126
sMape_26 = 15.290346455662954
sMape_27 = 17.207421741591098
sMape_28 = 20.045748246944008
sMape_29 = 21.244133341913955
sMape_30 = 7.4059282945469995
sMape_31 = 32.85035374262284
sMape_32 = 16.36201806515606
sMape_33 = 25.111220499165803
sMape_34 = 5.957641459723375
sMape_35 = 17.255510473739868
sMape_36 = 21.644910268013664
sMape_37 = 24.644813094122462
sMape_38 = 21.862904117300825
sMape_39 = 18.831035378580694
sMape_40 = 21.227430622662112
sMape_41 = 18.452332556538515
sMape_42 = 20.70131906351871
sMape_43 = 23.79291789035536
sMape_44 = 19.93565972742817
sMape_45 = 20.261025912368627
sMape_46 = 18.58973813331135
sMape_47 = 25.01315288799466
sMape_48 = 40.485146305140056
sMape_49 = 34.57011263772365
sMape_50 = 30.525418080548093
sMape_51 = 33.438507269885925
sMape_52 = 25.842082600460888
sMape_53 = 16.707275117733335
sMape_54 = 30.985419356279102
sMape_55 = 12.03805882165598
sMape_56 = 15.098263684879193
sMape_57 = 15.960641091975578
sMape_58 = 22.73849208979715
sMape_59 = 12.763027103128218
sMape_60 = 25.55902788077131
sMape_61 = 20.327477893491384
sMape_62 = 38.571109517183174
sMape_63 = 19.714863716673165
sMape_64 = 43.83346642867904
sMape_65 = 17.632780234063443
sMape_66 = 23.22552380944886
sMape_67 = 23.829177127416497
sMape_68 = 30.21617735381007
sMape_69 = 11.936885289488263
sMape_70 = 20.420509842928254
sMape_71 = 21.662593204131966
sMape_72 = 31.400524260539726
sMape_73 = 18.22036975903493
sMape_74 = 21.17291731945726
sMape_75 = 20.631151509756148
sMape_76 = 16.667399112831234
sMape_77 = 28.60427588486068
sMape_78 = 40.53969544758091
sMape_79 = 20.10416369859243
sMape_80 = 17.34100472079502
sMape_81 = 19.40030231271766
sMape_82 = 26.992988870622025
sMape_83 = 36.07225656975505
sMape_84 = 18.126136733300626
sMape_85 = 26.295121978786902
sMape_86 = 23.187349175555056
sMape_87 = 27.87457344154879
sMape_88 = 25.904889646493505
sMape_89 = 18.56864104136243
sMape_90 = 27.86885853004415
sMape_91 = 28.698790700144894
sMape_92 = 15.709429443587611
sMape_93 = 21.568559279048312
sMape_94 = 21.182866995162364
sMape_95 = 19.327920213872794
sMape_96 = 35.020840614094844
sMape_97 = 25.910740308461317
sMape_98 = 29.07208832744613
sMape_99 = 24.595454855342226
sMape_100 = 15.533358716049689
sMape_101 = 7.18982892549808
sMape_102 = 23.805459433584115
sMape_103 = 23.953231669895356
sMape_104 = 26.095034315146698
sMape_105 = 23.048470411025296
sMape_106 = 39.612353460428444
sMape_107 = 23.762921357049617
sMape_108 = 16.641193944709705
sMape_109 = 23.643297390708824
sMape_110 = 26.11510203141176
sMape_111 = 17.249311613426517
