Mean over all sMapes = 17.982881403072053
sMape_1 = 8.655366970010789
sMape_2 = 5.048822862541015
sMape_3 = 8.691275518343444
sMape_4 = 8.821670288048704
sMape_5 = 10.741338660921947
sMape_6 = 6.694791848718415
sMape_7 = 10.862736265582523
sMape_8 = 16.789118334095644
sMape_9 = 11.229881787799439
sMape_10 = 10.610975395163083
sMape_11 = 11.025752228352498
sMape_12 = 12.058943590847912
sMape_13 = 6.054548757508411
sMape_14 = 13.559246957089272
sMape_15 = 8.201052005542854
sMape_16 = 8.40459989199708
sMape_17 = 8.510691883680883
sMape_18 = 8.104889032923717
sMape_19 = 26.06347885648588
sMape_20 = 31.730456112235256
sMape_21 = 11.80284808050012
sMape_22 = 19.12580921667414
sMape_23 = 12.770238044966725
sMape_24 = 16.845617581574317
sMape_25 = 56.23931388531129
sMape_26 = 24.05725855219662
sMape_27 = 15.029475165423376
sMape_28 = 7.308200492226873
sMape_29 = 34.30113283615036
sMape_30 = 7.57568664046677
sMape_31 = 50.79212160941752
sMape_32 = 15.174157324368847
sMape_33 = 13.732644117463064
sMape_34 = 9.520379199207998
sMape_35 = 11.044620315566151
sMape_36 = 10.03884448531176
sMape_37 = 10.231766237723466
sMape_38 = 17.195489347097087
sMape_39 = 9.432349961730546
sMape_40 = 8.523396924366626
sMape_41 = 20.287298227360886
sMape_42 = 14.198402674883138
sMape_43 = 37.96312043996489
sMape_44 = 26.086332401639922
sMape_45 = 31.761205638813365
sMape_46 = 28.5823038699725
sMape_47 = 33.019730952030606
sMape_48 = 19.67938021423339
sMape_49 = 30.474441163475745
sMape_50 = 9.693420852883628
sMape_51 = 14.23852150702535
sMape_52 = 6.0603853029226675
sMape_53 = 6.6357220960746295
sMape_54 = 15.744470255668098
sMape_55 = 7.716337231873703
sMape_56 = 2.8320962755859695
sMape_57 = 3.9074115875649684
sMape_58 = 9.970129971914298
sMape_59 = 79.35110776698745
sMape_60 = 9.137872346451614
sMape_61 = 21.46139948743159
sMape_62 = 25.619179328788693
sMape_63 = 11.924933741131422
sMape_64 = 10.50372777511191
sMape_65 = 27.285041008261075
sMape_66 = 9.689170256554974
sMape_67 = 20.43819603687388
sMape_68 = 8.973838560390918
sMape_69 = 60.326516481994744
sMape_70 = 31.025382598357137
sMape_71 = 26.402391468897378
sMape_72 = 11.043635488049325
sMape_73 = 13.989249374997259
sMape_74 = 10.542552398240794
sMape_75 = 7.997355829948441
sMape_76 = 18.376032917223032
sMape_77 = 1.345919479413458
sMape_78 = 14.163083097303517
sMape_79 = 13.040574990726542
sMape_80 = 9.599753062768258
sMape_81 = 34.48798460096859
sMape_82 = 19.772958676589163
sMape_83 = 17.893210382015944
sMape_84 = 4.637231056153663
sMape_85 = 11.968781801634682
sMape_86 = 39.89036674075318
sMape_87 = 14.449145847358208
sMape_88 = 6.291022008138318
sMape_89 = 8.062437964544594
sMape_90 = 5.554283481206433
sMape_91 = 2.70439447624231
sMape_92 = 4.82448669813247
sMape_93 = 73.84887999392681
sMape_94 = 12.855500139828441
sMape_95 = 50.42255438845829
sMape_96 = 40.20251654818357
sMape_97 = 17.908448876471777
sMape_98 = 28.79814462713214
sMape_99 = 19.02537180188652
sMape_100 = 9.771874275237293
sMape_101 = 2.6300000692450967
sMape_102 = 18.239154168813865
sMape_103 = 50.91237122745233
sMape_104 = 24.632458398689177
sMape_105 = 4.7586819342741355
sMape_106 = 4.8838065602713145
sMape_107 = 4.813180756631452
sMape_108 = 29.256050395640408
sMape_109 = 10.350579838303894
sMape_110 = 49.39975981305128
sMape_111 = 19.165586768339093
