Mean over all sMapes = 23.14051893139844
sMape_1 = 33.26235640840427
sMape_2 = 31.067566919479837
sMape_3 = 26.917463342276733
sMape_4 = 24.054486902919223
sMape_5 = 28.58970361075967
sMape_6 = 14.625809009433851
sMape_7 = 29.162120096127076
sMape_8 = 18.415864715132006
sMape_9 = 8.543489274574286
sMape_10 = 16.766329034877455
