Mean over all sMapes = 24.693428140899066
sMape_1 = 27.434277413085738
sMape_2 = 31.797753695063363
sMape_3 = 25.293276566413443
sMape_4 = 23.986987695420094
sMape_5 = 30.600850448269252
sMape_6 = 30.079990183251798
sMape_7 = 31.230212776513927
sMape_8 = 23.089160582438716
sMape_9 = 7.919597877782346
sMape_10 = 15.502174170751992
