Mean over all sMapes = 23.935767393097436
sMape_1 = 30.173596249433963
sMape_2 = 31.74532874945472
sMape_3 = 29.399493731160124
sMape_4 = 21.455942964682194
sMape_5 = 32.91564795533934
sMape_6 = 26.421638244682654
sMape_7 = 28.815058105378316
sMape_8 = 14.913208025467611
sMape_9 = 9.892259036086095
sMape_10 = 13.625500869289334
