Mean over all sMapes = 24.28123445339765
sMape_1 = 33.47447672592781
sMape_2 = 31.68814881796443
sMape_3 = 22.692898310922384
sMape_4 = 21.79780611307863
sMape_5 = 28.832928860569325
sMape_6 = 24.642171215299378
sMape_7 = 28.182736324690527
sMape_8 = 20.771117021388058
sMape_9 = 15.00773650030144
sMape_10 = 15.722324643834535
