Mean over all sMapes = 14.779142323464162
sMape_1 = 14.764100988564463
sMape_2 = 15.86881985416802
sMape_3 = 13.704506127660004
