Mean over all sMapes = 14.683173272305538
sMape_1 = 2.885741980869069
sMape_2 = 1.8265209437255872
sMape_3 = 4.655177411395671
sMape_4 = 5.202525935086203
sMape_5 = 10.830763111424064
sMape_6 = 9.576982640162784
sMape_7 = 7.599010871071088
sMape_8 = 1.2245779635003664
sMape_9 = 7.245267649098759
sMape_10 = 6.475146652778789
sMape_11 = 1.8136058707415779
sMape_12 = 5.994310941613798
sMape_13 = 8.383106921806688
sMape_14 = 7.9122224870371
sMape_15 = 18.250791752593855
sMape_16 = 6.959781586859799
sMape_17 = 17.854818539645734
sMape_18 = 17.318891341232547
sMape_19 = 6.102794833232786
sMape_20 = 8.309616859936185
sMape_21 = 27.507799143695337
sMape_22 = 9.074378797220845
sMape_23 = 12.286795762929211
sMape_24 = 10.612012464943675
sMape_25 = 12.026547562082735
sMape_26 = 7.565450894745644
sMape_27 = 15.078743622157157
sMape_28 = 11.496742117339172
sMape_29 = 18.593285749129066
sMape_30 = 17.832483270813633
sMape_31 = 9.491394865709648
sMape_32 = 5.6659235637039735
sMape_33 = 12.635232487643282
sMape_34 = 11.439576797074293
sMape_35 = 7.158218072813023
sMape_36 = 20.4303554602987
sMape_37 = 12.283147937748277
sMape_38 = 7.364275510490382
sMape_39 = 25.908013458972484
sMape_40 = 16.359884546798817
sMape_41 = 17.50532270710381
sMape_42 = 19.532920515307964
sMape_43 = 8.247825754201667
sMape_44 = 7.943245574816543
sMape_45 = 20.873912428929906
sMape_46 = 19.027013775659686
sMape_47 = 15.195627741360815
sMape_48 = 16.180381955490393
sMape_49 = 3.258381105463822
sMape_50 = 2.1148943822674937
sMape_51 = 13.684991817909278
sMape_52 = 22.879558820149857
sMape_53 = 0.4592799975151186
sMape_54 = 0.1199416146562243
sMape_55 = 0.2575241094051332
sMape_56 = 17.38453533079916
sMape_57 = 23.404256316289118
sMape_58 = 27.07694019760431
sMape_59 = 11.61279476524783
sMape_60 = 10.89023720359448
sMape_61 = 44.092756601330166
sMape_62 = 53.303508670679925
sMape_63 = 69.7238693061071
sMape_64 = 93.02641534388894
sMape_65 = 7.978959910768769
sMape_66 = 12.813193911852142
sMape_67 = 12.541656307801732
sMape_68 = 8.913955265514934
sMape_69 = 33.30997727323758
sMape_70 = 1.6227653627636212
sMape_71 = 14.409974958195606
sMape_72 = 20.569938199963726
