Mean over all sMapes = 14.603382948189676
sMape_1 = 14.437365079619344
sMape_2 = 15.82138414861165
sMape_3 = 13.551399616338033
