Mean over all sMapes = 14.673028953271894
sMape_1 = 14.233008039840172
sMape_2 = 15.951127514382451
sMape_3 = 13.83495130559306
