Mean over all sMapes = 27.255091060950587
sMape_1 = 34.68158847782223
sMape_2 = 29.251971406328504
sMape_3 = 32.41518200656316
sMape_4 = 19.507379650444797
sMape_5 = 25.34381813544111
sMape_6 = 31.411768101010967
sMape_7 = 27.124644171889788
sMape_8 = 17.181445836006873
sMape_9 = 33.34856175071737
sMape_10 = 22.28455107328108
