Mean over all sMapes = 26.835720607128888
sMape_1 = 34.73825028780095
sMape_2 = 29.14399457309807
sMape_3 = 32.527866985289236
sMape_4 = 18.635560048036126
sMape_5 = 25.158299693844043
sMape_6 = 27.480692645870292
sMape_7 = 27.044350894013252
sMape_8 = 22.780003500411635
sMape_9 = 35.943126612260194
sMape_10 = 14.905060830665109
