Mean over all sMapes = 25.396006909578244
sMape_1 = 30.75994460890922
sMape_2 = 31.468577309618613
sMape_3 = 25.32448244841224
sMape_4 = 21.820338323008173
sMape_5 = 34.54647463262453
sMape_6 = 28.06486127719027
sMape_7 = 29.58216251022859
sMape_8 = 18.69750467541267
sMape_9 = 16.580652669920816
sMape_10 = 17.11507064045731
