Mean over all sMapes = 14.814825873402343
sMape_1 = 14.754998112253423
sMape_2 = 15.868955854244057
sMape_3 = 13.820523653709552
