Mean over all sMapes = 14.567623039992574
sMape_1 = 14.373251517831767
sMape_2 = 15.754262423910777
sMape_3 = 13.575355178235174
