Mean over all sMapes = 18.177509937032745
sMape_1 = 8.796471777780338
sMape_2 = 5.048154029619479
sMape_3 = 8.651538884787225
sMape_4 = 7.96884579093181
sMape_5 = 10.42407678503537
sMape_6 = 6.94448255314655
sMape_7 = 10.445015354529424
sMape_8 = 16.602038099589855
sMape_9 = 11.22549803260193
sMape_10 = 10.83402936065628
sMape_11 = 11.370721759983256
sMape_12 = 10.75159172324157
sMape_13 = 5.778049438132415
sMape_14 = 14.134649119006514
sMape_15 = 8.15085737746964
sMape_16 = 8.38790003638826
sMape_17 = 8.494992884586587
sMape_18 = 8.202102532972361
sMape_19 = 27.25933950738495
sMape_20 = 28.249720220410357
sMape_21 = 12.718780427459103
sMape_22 = 20.517799129354646
sMape_23 = 12.436260049482534
sMape_24 = 17.263110756377863
sMape_25 = 56.89025563836479
sMape_26 = 24.529767062731995
sMape_27 = 14.230563335341179
sMape_28 = 7.1373880606192595
sMape_29 = 33.12680388496535
sMape_30 = 7.776581115307729
sMape_31 = 54.376988875219155
sMape_32 = 15.208698000045453
sMape_33 = 13.806931625601237
sMape_34 = 9.518524798745055
sMape_35 = 10.747970203683668
sMape_36 = 10.204397783414763
sMape_37 = 7.93736217808318
sMape_38 = 17.195924942932642
sMape_39 = 9.53802369347566
sMape_40 = 8.573590200045093
sMape_41 = 20.081920337741295
sMape_42 = 14.503847870293244
sMape_43 = 41.7282795107875
sMape_44 = 24.805474269775164
sMape_45 = 30.380322358898738
sMape_46 = 31.237651326185794
sMape_47 = 31.17683578538033
sMape_48 = 19.87693445823101
sMape_49 = 31.21592705585578
sMape_50 = 9.449952095403912
sMape_51 = 14.259718516472802
sMape_52 = 3.522474109067165
sMape_53 = 6.362415558972055
sMape_54 = 16.59787531068876
sMape_55 = 7.737902171098742
sMape_56 = 3.7128181979562065
sMape_57 = 4.226726587023706
sMape_58 = 10.377589340372602
sMape_59 = 67.11085720040303
sMape_60 = 8.39518565757668
sMape_61 = 15.113565437193587
sMape_62 = 25.87985487396236
sMape_63 = 11.669049118451985
sMape_64 = 10.096689170265075
sMape_65 = 18.896615885151157
sMape_66 = 9.073822800060752
sMape_67 = 21.556201146779784
sMape_68 = 9.091406952494378
sMape_69 = 60.93797990565448
sMape_70 = 31.860834044088048
sMape_71 = 26.39109089063471
sMape_72 = 11.00697160425157
sMape_73 = 14.147420028203198
sMape_74 = 10.511509327033048
sMape_75 = 8.881155983863252
sMape_76 = 22.56955168762009
sMape_77 = 1.10948126435154
sMape_78 = 12.27588148843108
sMape_79 = 12.497097926913321
sMape_80 = 9.626679015318446
sMape_81 = 34.933748989210905
sMape_82 = 20.909585993065825
sMape_83 = 18.394478661299026
sMape_84 = 4.620411579702521
sMape_85 = 11.96511547709415
sMape_86 = 39.82523533296377
sMape_87 = 14.412507701494933
sMape_88 = 6.019518936993509
sMape_89 = 7.3278002195401495
sMape_90 = 5.847081257394892
sMape_91 = 2.675574821571676
sMape_92 = 4.964060506673086
sMape_93 = 74.43106043195141
sMape_94 = 12.6877253603526
sMape_95 = 50.680907812703225
sMape_96 = 40.161522164409845
sMape_97 = 19.561177627593437
sMape_98 = 28.580753773712296
sMape_99 = 19.0871559917169
sMape_100 = 8.583527758481997
sMape_101 = 2.592794595173433
sMape_102 = 20.43578925217948
sMape_103 = 57.30042055288895
sMape_104 = 47.13464479195431
sMape_105 = 4.5812158150843
sMape_106 = 4.5483098861390925
sMape_107 = 4.855075650034384
sMape_108 = 30.90885185206601
sMape_109 = 10.19112727286251
sMape_110 = 58.62810215111707
sMape_111 = 19.448957494798485
