Mean over all sMapes = 14.844368678861889
sMape_1 = 14.771781040346236
sMape_2 = 15.924169024734166
sMape_3 = 13.837155971505261
