Mean over all sMapes = 22.781813583275834
sMape_1 = 14.632951056609173
sMape_2 = 15.476632573066626
sMape_3 = 13.274421886097501
sMape_4 = 24.175030927754023
sMape_5 = 33.44783937673515
sMape_6 = 30.13608642003164
sMape_7 = 13.592118039626119
sMape_8 = 23.603234080262816
sMape_9 = 22.16809000456546
sMape_10 = 17.34487133562558
sMape_11 = 32.75110960390179
sMape_12 = 23.02186325084648
sMape_13 = 18.127175414437342
sMape_14 = 16.396648545195138
sMape_15 = 17.340468637280594
sMape_16 = 14.026279909770171
sMape_17 = 27.307533721147394
sMape_18 = 20.180938294058695
sMape_19 = 16.901464323802422
sMape_20 = 19.162531207223264
sMape_21 = 15.081145522755682
sMape_22 = 12.84388296934765
sMape_23 = 23.124512540121113
sMape_24 = 23.670242769447274
sMape_25 = 19.34596153246543
sMape_26 = 18.449192802180008
sMape_27 = 25.668672137024295
sMape_28 = 20.822562498122764
sMape_29 = 22.243183816891943
sMape_30 = 29.160877182625462
sMape_31 = 17.535095644335748
sMape_32 = 20.823987686542495
sMape_33 = 26.770256944891763
sMape_34 = 18.34462622971356
sMape_35 = 23.007344377782974
sMape_36 = 29.002305654344816
sMape_37 = 36.59896136599649
sMape_38 = 16.66656833276561
sMape_39 = 19.045211561990723
sMape_40 = 19.279795893807847
sMape_41 = 27.933370182113627
sMape_42 = 17.54289722689332
sMape_43 = 21.23657957566049
sMape_44 = 16.650689790555827
sMape_45 = 22.358256491735222
sMape_46 = 18.81015423017072
sMape_47 = 14.632945619191359
sMape_48 = 29.329346582074344
sMape_49 = 19.463139093281193
sMape_50 = 32.75110398010241
sMape_51 = 23.610890418662986
sMape_52 = 17.701210146030803
sMape_53 = 16.55065204826671
sMape_54 = 27.9519468213204
sMape_55 = 15.966149763623353
sMape_56 = 33.511611959904855
sMape_57 = 18.612809884757446
sMape_58 = 18.604529498012916
sMape_59 = 34.173115413550946
sMape_60 = 66.24519102148713
sMape_61 = 21.402952143362384
sMape_62 = 23.543905764418867
sMape_63 = 19.91649913729004
sMape_64 = 28.231454990967777
sMape_65 = 16.454629240964504
sMape_66 = 21.096606408703583
sMape_67 = 23.2935170180798
sMape_68 = 27.153500694999273
sMape_69 = 26.176878005629106
sMape_70 = 14.42827244689978
sMape_71 = 38.67305460662659
sMape_72 = 27.50866093016399
sMape_73 = 19.776806236426044
sMape_74 = 19.418451675544095
sMape_75 = 22.3427375638682
sMape_76 = 15.746843397238791
sMape_77 = 19.42980883320513
sMape_78 = 20.55395279443222
sMape_79 = 18.90197316730892
sMape_80 = 22.487905919351466
sMape_81 = 21.522291893582356
sMape_82 = 18.13499712728847
sMape_83 = 20.106020177599177
sMape_84 = 18.4012707962745
sMape_85 = 23.650402717833657
sMape_86 = 36.99646942163601
sMape_87 = 15.9795710775636
sMape_88 = 45.837131461432804
sMape_89 = 28.5690735518859
sMape_90 = 25.871745316579304
sMape_91 = 23.89772655293052
sMape_92 = 22.025310277691315
sMape_93 = 25.333743228578815
sMape_94 = 22.579583069447125
sMape_95 = 20.734965041344154
sMape_96 = 21.147502927570773
sMape_97 = 28.437041859999475
sMape_98 = 27.72980871250688
sMape_99 = 17.802229873766937
sMape_100 = 17.76417316565734
sMape_101 = 16.417507200024527
sMape_102 = 26.43674782318426
sMape_103 = 26.09880651117928
sMape_104 = 19.45859426215629
sMape_105 = 22.784929491845475
sMape_106 = 16.568599876995044
sMape_107 = 35.061499794548745
sMape_108 = 20.621305500268054
sMape_109 = 12.196967989962003
sMape_110 = 40.98664239407421
sMape_111 = 18.901971854143195
