Mean over all sMapes = 14.627846244490074
sMape_1 = 14.422935884532299
sMape_2 = 15.90027108543308
sMape_3 = 13.560331763504848
