Mean over all sMapes = 12.849381512946096
sMape_1 = 31.419754931858545
sMape_2 = 25.379980730254175
sMape_3 = 20.1459746458069
sMape_4 = 24.899550954992808
sMape_5 = 9.754403917099804
sMape_6 = 18.521732968521153
sMape_7 = 10.263594687919376
sMape_8 = 13.48892002484271
sMape_9 = 14.508222233129903
sMape_10 = 92.60420692229202
sMape_11 = 5.860487479906354
sMape_12 = 2.621308199523674
sMape_13 = 17.724832818127474
sMape_14 = 9.121869527865236
sMape_15 = 66.28528117669003
sMape_16 = 16.795505809486226
sMape_17 = 20.285000747680435
sMape_18 = 15.632250700361414
sMape_19 = 6.305927541247197
sMape_20 = 17.36368108768583
sMape_21 = 20.37983127842963
sMape_22 = 11.525778450226376
sMape_23 = 14.156577276955373
sMape_24 = 9.192631409773096
sMape_25 = 14.444360526539398
sMape_26 = 6.544259484164895
sMape_27 = 12.047471227713997
sMape_28 = 7.7907364361974585
sMape_29 = 14.937642532119508
sMape_30 = 18.594806333772468
sMape_31 = 7.259279841489423
sMape_32 = 15.368453372441651
sMape_33 = 6.115698750108924
sMape_34 = 14.435443204308642
sMape_35 = 11.16852344781391
sMape_36 = 24.58506635803022
sMape_37 = 18.00658281190218
sMape_38 = 45.41813127405403
sMape_39 = 13.275252344302416
sMape_40 = 10.376782885719663
sMape_41 = 1.5269081254563328
sMape_42 = 0.8558516336146722
sMape_43 = 1.1522528686519118
sMape_44 = 5.134603911540573
sMape_45 = 2.967844312211129
sMape_46 = 1.185938935310395
sMape_47 = 9.25229217675962
sMape_48 = 14.54541306856521
sMape_49 = 1.5754607057022723
sMape_50 = 15.243630035448296
sMape_51 = 4.948955855602869
sMape_52 = 0.2730154719826723
sMape_53 = 1.4031934525368308
sMape_54 = 1.2715864768831875
sMape_55 = 3.7825471927071046
sMape_56 = 1.6441760050205594
sMape_57 = 0.5270433100715636
sMape_58 = 0.7808976149560178
sMape_59 = 1.1098449059604194
sMape_60 = 0.8346564667999755
sMape_61 = 0.5748246834743431
sMape_62 = 0.588645850332592
sMape_63 = 3.815145654762042
sMape_64 = 2.4179363232178774
sMape_65 = 1.6059163081413106
sMape_66 = 42.67682202853902
sMape_67 = 4.607361641785133
