Mean over all sMapes = 22.783890762712396
sMape_1 = 14.799651064951766
sMape_2 = 15.751926447751696
sMape_3 = 13.629743955487578
sMape_4 = 23.949592044589092
sMape_5 = 33.09345798198991
sMape_6 = 30.296117727234694
sMape_7 = 13.640822666780217
sMape_8 = 23.39741831077042
sMape_9 = 22.457787607256805
sMape_10 = 17.283004399148346
sMape_11 = 33.24859297034223
sMape_12 = 23.287645317746815
sMape_13 = 18.271745951142883
sMape_14 = 16.742778224160627
sMape_15 = 17.350877515292275
sMape_16 = 14.087226342840568
sMape_17 = 27.185309124726935
sMape_18 = 20.022059530379842
sMape_19 = 17.076116868355417
sMape_20 = 19.304733167782747
sMape_21 = 15.075928671107688
sMape_22 = 12.920020896863821
sMape_23 = 23.02591028676946
sMape_24 = 24.065763161381355
sMape_25 = 19.388526124552072
sMape_26 = 18.47347190925522
sMape_27 = 24.661009146612237
sMape_28 = 20.653024595194793
sMape_29 = 22.286242314800095
sMape_30 = 29.83107718697652
sMape_31 = 17.46372026931347
sMape_32 = 20.897390185537574
sMape_33 = 26.767219883203886
sMape_34 = 18.131942877018993
sMape_35 = 22.930683718686446
sMape_36 = 29.00593751139692
sMape_37 = 36.89349992434334
sMape_38 = 16.543972160375585
sMape_39 = 19.4810184954869
sMape_40 = 19.208438657974742
sMape_41 = 27.942454689747485
sMape_42 = 16.899294115695476
sMape_43 = 21.332241567199723
sMape_44 = 16.975303931462822
sMape_45 = 22.483254639149738
sMape_46 = 18.95678214799048
sMape_47 = 14.899759851891531
sMape_48 = 29.356448081508248
sMape_49 = 19.945438116043995
sMape_50 = 32.43026220195805
sMape_51 = 23.46176704216619
sMape_52 = 17.90387534006279
sMape_53 = 16.538849731355125
sMape_54 = 28.61975258505091
sMape_55 = 15.717651665712145
sMape_56 = 33.58837678076819
sMape_57 = 18.530310316157344
sMape_58 = 18.673162069181775
sMape_59 = 34.87485002017898
sMape_60 = 65.3387891925542
sMape_61 = 21.772001359395016
sMape_62 = 23.06155293077729
sMape_63 = 20.190582683125804
sMape_64 = 28.25952819217456
sMape_65 = 16.672955622528686
sMape_66 = 20.82497694162104
sMape_67 = 23.475801874646926
sMape_68 = 27.510518378440157
sMape_69 = 25.649519772159778
sMape_70 = 14.464983791247086
sMape_71 = 38.30556931960044
sMape_72 = 27.42522519836415
sMape_73 = 19.267735712973145
sMape_74 = 19.550509513352363
sMape_75 = 22.099311066476854
sMape_76 = 15.938830635439032
sMape_77 = 19.67438386461012
sMape_78 = 19.523585148619997
sMape_79 = 18.824473706669156
sMape_80 = 22.555852301767537
sMape_81 = 21.817660841141798
sMape_82 = 18.59190329033203
sMape_83 = 19.809097354229703
sMape_84 = 18.61261532631982
sMape_85 = 23.19661255467171
sMape_86 = 35.987280381860806
sMape_87 = 16.518337958534875
sMape_88 = 44.86650639290543
sMape_89 = 28.528865596603055
sMape_90 = 25.5437606249752
sMape_91 = 23.13341597582605
sMape_92 = 22.719962147618038
sMape_93 = 25.571356542034547
sMape_94 = 22.875904606181784
sMape_95 = 20.91025464651816
sMape_96 = 21.31432753465468
sMape_97 = 28.273715445520757
sMape_98 = 28.286418777027382
sMape_99 = 18.12914769418556
sMape_100 = 17.68660766018597
sMape_101 = 16.291832417130934
sMape_102 = 26.488241586477056
sMape_103 = 26.08073598078008
sMape_104 = 20.07283990342895
sMape_105 = 22.70381276693785
sMape_106 = 16.42056339485332
sMape_107 = 34.49748671100541
sMape_108 = 21.06991907186074
sMape_109 = 11.908890812938305
sMape_110 = 40.18144472752784
sMape_111 = 18.824428641401923
