Mean over all sMapes = 14.700519106741083
sMape_1 = 14.405094519533046
sMape_2 = 15.693803539181614
sMape_3 = 14.002659261508594
