Mean over all sMapes = 22.956007442710796
sMape_1 = 14.871782392185423
sMape_2 = 15.807254671749558
sMape_3 = 13.588684885469016
sMape_4 = 24.205154443240875
sMape_5 = 34.49733032903367
sMape_6 = 30.622883053183475
sMape_7 = 13.67338811055617
sMape_8 = 23.249030922488163
sMape_9 = 22.177319775943285
sMape_10 = 17.276275236477833
sMape_11 = 32.86475129915067
sMape_12 = 22.97528730099982
sMape_13 = 18.42024515206871
sMape_14 = 16.697111003930402
sMape_15 = 17.328058959120064
sMape_16 = 14.226545900946022
sMape_17 = 27.190562224216126
sMape_18 = 20.51084909401709
sMape_19 = 17.147039323388334
sMape_20 = 19.315611200053578
sMape_21 = 15.059920407620023
sMape_22 = 12.949781938267751
sMape_23 = 23.416955416713275
sMape_24 = 23.550403606740502
sMape_25 = 19.4655048161706
sMape_26 = 18.40532490002426
sMape_27 = 26.22517241925707
sMape_28 = 21.14694383731778
sMape_29 = 22.27326761483426
sMape_30 = 29.696076583256385
sMape_31 = 17.693331636409102
sMape_32 = 20.998622296258247
sMape_33 = 26.955801419686452
sMape_34 = 18.096043223856327
sMape_35 = 22.948307399491156
sMape_36 = 28.999186402708908
sMape_37 = 37.015752039918155
sMape_38 = 16.676472656854777
sMape_39 = 19.27320464151339
sMape_40 = 19.202062666248107
sMape_41 = 27.935816795548696
sMape_42 = 17.84847499082909
sMape_43 = 21.594335881782982
sMape_44 = 16.663827481602628
sMape_45 = 22.349083412656825
sMape_46 = 18.956638568297805
sMape_47 = 14.871791467958733
sMape_48 = 29.572508281229553
sMape_49 = 19.927025192538025
sMape_50 = 32.98003057957985
sMape_51 = 23.94243991252719
sMape_52 = 17.632237485140497
sMape_53 = 16.54311884699191
sMape_54 = 28.44724670881461
sMape_55 = 15.950699453981837
sMape_56 = 33.49931353003858
sMape_57 = 18.47909039486653
sMape_58 = 18.695676921836785
sMape_59 = 34.41929882571543
sMape_60 = 65.04346834869709
sMape_61 = 21.668115372399075
sMape_62 = 23.737391379328425
sMape_63 = 20.26648137049781
sMape_64 = 28.83033534515122
sMape_65 = 17.137399513454035
sMape_66 = 21.278937178410796
sMape_67 = 23.64716902864009
sMape_68 = 27.19148664655699
sMape_69 = 25.769783694804804
sMape_70 = 14.565763982314394
sMape_71 = 38.859742306570276
sMape_72 = 27.34352221810643
sMape_73 = 19.475607250410434
sMape_74 = 20.038256135639827
sMape_75 = 22.623915128862297
sMape_76 = 15.744509077448146
sMape_77 = 19.501833304577257
sMape_78 = 20.902045739932248
sMape_79 = 18.819161781921395
sMape_80 = 22.670544769951036
sMape_81 = 22.293582237099937
sMape_82 = 18.238204626338998
sMape_83 = 20.289285421773133
sMape_84 = 18.622809706543382
sMape_85 = 23.535099556506236
sMape_86 = 37.47581507919182
sMape_87 = 16.353186523010052
sMape_88 = 46.769462073843435
sMape_89 = 28.607574790718342
sMape_90 = 25.976712499137406
sMape_91 = 23.950727784844602
sMape_92 = 22.599026308131997
sMape_93 = 25.615843473151017
sMape_94 = 22.958301322059516
sMape_95 = 20.942705492069422
sMape_96 = 21.55710704583978
sMape_97 = 28.244907664832592
sMape_98 = 27.937925024948974
sMape_99 = 17.903284609415714
sMape_100 = 17.683037022916317
sMape_101 = 16.19354219299238
sMape_102 = 26.444938005322545
sMape_103 = 26.862393426809135
sMape_104 = 20.057389255243482
sMape_105 = 22.824328593555897
sMape_106 = 16.438798742545742
sMape_107 = 34.67139130053728
sMape_108 = 20.910308908845035
sMape_109 = 12.392500777266257
sMape_110 = 42.83006520646767
sMape_111 = 18.819145961963777
