Mean over all sMapes = 15.707867213300156
sMape_1 = 14.853722236396012
sMape_2 = 17.980529982451042
sMape_3 = 14.289349421053418
