Mean over all sMapes = 22.85963639766735
sMape_1 = 14.763633270861343
sMape_2 = 15.541741198981885
sMape_3 = 13.83498883508095
sMape_4 = 24.209962347803263
sMape_5 = 33.602880941222715
sMape_6 = 30.388475839977293
sMape_7 = 13.573324981207868
sMape_8 = 23.73243452129606
sMape_9 = 22.248162656910665
sMape_10 = 17.388448951132787
sMape_11 = 32.84201857430361
sMape_12 = 23.079122704248743
sMape_13 = 18.266973602342976
sMape_14 = 16.394384564079537
sMape_15 = 17.330314290115872
sMape_16 = 14.1931172457427
sMape_17 = 27.38134614990958
sMape_18 = 20.393739630457013
sMape_19 = 16.990991848447273
sMape_20 = 19.194369591892205
sMape_21 = 15.032002696167732
sMape_22 = 12.851363470168135
sMape_23 = 23.266269141667497
sMape_24 = 23.6331359099971
sMape_25 = 19.442306659027906
sMape_26 = 18.617418988206236
sMape_27 = 25.88151949292924
sMape_28 = 20.959353521014553
sMape_29 = 22.225639206878412
sMape_30 = 29.274428706739364
sMape_31 = 17.621456538570364
sMape_32 = 20.892238580494062
sMape_33 = 26.857192736513717
sMape_34 = 18.119374860249362
sMape_35 = 22.980820160238675
sMape_36 = 29.021506960200494
sMape_37 = 36.699997273908664
sMape_38 = 16.684272754410774
sMape_39 = 19.05508907759865
sMape_40 = 19.304083072866522
sMape_41 = 27.943788426587705
sMape_42 = 17.761654072200237
sMape_43 = 21.27106114661577
sMape_44 = 16.62853056898983
sMape_45 = 22.12345960198997
sMape_46 = 18.77522444887365
sMape_47 = 14.759546652653171
sMape_48 = 29.444390235265587
sMape_49 = 19.852363827576912
sMape_50 = 32.85771221591819
sMape_51 = 23.76299520884842
sMape_52 = 17.716363679107403
sMape_53 = 16.586629479516965
sMape_54 = 28.09386143084916
sMape_55 = 15.965629104955356
sMape_56 = 33.592430370063326
sMape_57 = 18.53793485679912
sMape_58 = 18.710353671077048
sMape_59 = 34.25639709814096
sMape_60 = 66.4806861338052
sMape_61 = 21.473855870438705
sMape_62 = 23.5775153649122
sMape_63 = 19.92571719876803
sMape_64 = 28.171348513872136
sMape_65 = 16.60250093212681
sMape_66 = 21.213087673573945
sMape_67 = 23.242087656365765
sMape_68 = 27.11895423879343
sMape_69 = 26.033391231176573
sMape_70 = 14.452007564520402
sMape_71 = 38.91909262556312
sMape_72 = 27.629717215323375
sMape_73 = 19.696077725082475
sMape_74 = 19.48384956372837
sMape_75 = 22.444434345289768
sMape_76 = 15.702967935839165
sMape_77 = 19.483785785030157
sMape_78 = 20.723488552640408
sMape_79 = 18.934623906138885
sMape_80 = 22.426304411185583
sMape_81 = 22.29067800538516
sMape_82 = 18.356967012402038
sMape_83 = 20.20822683070098
sMape_84 = 18.661273489209556
sMape_85 = 23.518743786014394
sMape_86 = 37.110438536567294
sMape_87 = 16.061979858433435
sMape_88 = 45.65827075721353
sMape_89 = 28.600251087913588
sMape_90 = 25.99170205883139
sMape_91 = 23.917036943747384
sMape_92 = 22.19503269074236
sMape_93 = 25.545786685007005
sMape_94 = 22.679611573669128
sMape_95 = 20.811837779486172
sMape_96 = 21.30656887393903
sMape_97 = 28.592112464829096
sMape_98 = 27.742269419176818
sMape_99 = 17.8143980782458
sMape_100 = 17.651592615600144
sMape_101 = 16.385284346634673
sMape_102 = 26.610832633467723
sMape_103 = 26.06579244611388
sMape_104 = 19.861898971849854
sMape_105 = 22.8208413548971
sMape_106 = 16.565972037332667
sMape_107 = 35.018982430520204
sMape_108 = 20.613471078471633
sMape_109 = 12.468175856114549
sMape_110 = 41.236043458061
sMape_111 = 18.911844886432654
