Mean over all sMapes = 24.95070042802076
sMape_1 = 28.603819239907118
sMape_2 = 33.620843431857004
sMape_3 = 30.634221968660746
sMape_4 = 16.4479736503533
sMape_5 = 32.78340510612516
sMape_6 = 27.743836503466852
sMape_7 = 30.395700899369142
sMape_8 = 21.272575463985927
sMape_9 = 10.846266102175829
sMape_10 = 17.158361914306546
