Mean over all sMapes = 24.79427324867936
sMape_1 = 30.816987099290056
sMape_2 = 31.455231777910136
sMape_3 = 28.222107777773996
sMape_4 = 23.260262504880142
sMape_5 = 31.925640814209792
sMape_6 = 30.01275468463466
sMape_7 = 30.517064302240758
sMape_8 = 10.280369902560823
sMape_9 = 12.368745195260331
sMape_10 = 19.083568428032883
