Mean over all sMapes = 25.7114121694882
sMape_1 = 30.18615157270066
sMape_2 = 35.72417884644693
sMape_3 = 27.925808915088773
sMape_4 = 23.440385337516233
sMape_5 = 35.408362180122005
sMape_6 = 28.764636089519513
sMape_7 = 25.95987821292888
sMape_8 = 16.914142243351773
sMape_9 = 12.839030728573059
sMape_10 = 19.95154756863422
