Mean over all sMapes = 14.8477126116862
sMape_1 = 14.6886499121525
sMape_2 = 15.68976516602342
sMape_3 = 14.16472275688268
