Mean over all sMapes = 14.844817479042737
sMape_1 = 14.89265942602678
sMape_2 = 15.824241128532007
sMape_3 = 13.817551882569425
