Mean over all sMapes = 14.78480852482781
sMape_1 = 14.890778571580283
sMape_2 = 15.910060141055935
sMape_3 = 13.553586861847208
