Mean over all sMapes = 12.813566694241452
sMape_1 = 1.5644830980920854
sMape_2 = 1.4479563482423152
sMape_3 = 3.953957891806033
sMape_4 = 4.701763010928281
sMape_5 = 10.543818169238605
sMape_6 = 12.402356723572865
sMape_7 = 2.9454865461916295
sMape_8 = 1.1510585708711245
sMape_9 = 3.499806853782906
sMape_10 = 6.7475755316369
sMape_11 = 0.7911380272101637
sMape_12 = 1.8852903843277105
sMape_13 = 8.245036129693748
sMape_14 = 6.710703108855133
sMape_15 = 14.662319634886254
sMape_16 = 8.269789155936072
sMape_17 = 13.926379823208881
sMape_18 = 19.062903410244513
sMape_19 = 7.571112462055442
sMape_20 = 6.938376167834831
sMape_21 = 18.664149480479654
sMape_22 = 12.981538841086252
sMape_23 = 9.165629368392525
sMape_24 = 8.617565025817353
sMape_25 = 6.990470323342968
sMape_26 = 4.785607270346221
sMape_27 = 9.13327762372213
sMape_28 = 10.739832614522742
sMape_29 = 14.19509564386664
sMape_30 = 14.266531961804926
sMape_31 = 5.691286387002556
sMape_32 = 3.5970578900633625
sMape_33 = 7.656388266120366
sMape_34 = 10.873847654875131
sMape_35 = 4.951919232038881
sMape_36 = 7.674315594041962
sMape_37 = 12.168667782933289
sMape_38 = 7.061075830556184
sMape_39 = 21.094010549338215
sMape_40 = 9.483894633070172
sMape_41 = 13.402967954680541
sMape_42 = 23.34433797914238
sMape_43 = 8.515526346964393
sMape_44 = 6.1454176880062406
sMape_45 = 19.308565628665857
sMape_46 = 16.48531402428957
sMape_47 = 5.903123767523375
sMape_48 = 11.627155170819748
sMape_49 = 4.312000466231657
sMape_50 = 1.7541243040196355
sMape_51 = 12.061780562229496
sMape_52 = 21.875735730243406
sMape_53 = 0.7644544010703347
sMape_54 = 0.28534737676637423
sMape_55 = 0.4964983053745521
sMape_56 = 26.62436270787284
sMape_57 = 54.41173420765284
sMape_58 = 74.27050791496247
sMape_59 = 8.257726000510514
sMape_60 = 21.2426222284261
sMape_61 = 30.88892952790304
sMape_62 = 26.67370181547108
sMape_63 = 58.75274725574523
sMape_64 = 24.345947538557688
sMape_65 = 19.604257149643292
sMape_66 = 13.214797468460308
sMape_67 = 24.412679454767773
sMape_68 = 4.770157909936904
sMape_69 = 7.386081878040339
sMape_70 = 6.474299066687012
sMape_71 = 25.745057715934454
sMape_72 = 12.405369416747995
