Mean over all sMapes = 14.667519100936483
sMape_1 = 14.671695079956981
sMape_2 = 15.710549689311684
sMape_3 = 13.62031253354078
