Mean over all sMapes = 14.925062118421506
sMape_1 = 14.77212087959485
sMape_2 = 16.14569536129034
sMape_3 = 13.857370114379327
