Mean over all sMapes = 13.667986108009764
sMape_1 = 1.9042583054438857
sMape_2 = 2.2791897006933097
sMape_3 = 5.284508318749273
sMape_4 = 5.376198668624835
sMape_5 = 13.21722884201614
sMape_6 = 12.528437149700208
sMape_7 = 1.6444659731192361
sMape_8 = 1.0051384835814283
sMape_9 = 4.516398220242638
sMape_10 = 13.55547399758683
sMape_11 = 2.0076004349895555
sMape_12 = 3.100930150996287
sMape_13 = 6.64467240253348
sMape_14 = 5.32483444371544
sMape_15 = 14.23846501617101
sMape_16 = 10.712251610528577
sMape_17 = 15.478356826538967
sMape_18 = 19.990450573282846
sMape_19 = 7.7043040339043145
sMape_20 = 7.0170606487993625
sMape_21 = 17.608328734408303
sMape_22 = 16.00430951199201
sMape_23 = 8.922007531214383
sMape_24 = 7.50782488212131
sMape_25 = 6.852461864573718
sMape_26 = 4.605704273178535
sMape_27 = 9.535418917554795
sMape_28 = 9.2020151623435
sMape_29 = 15.523783272979433
sMape_30 = 18.36816577518424
sMape_31 = 3.648467289167852
sMape_32 = 3.717531902814549
sMape_33 = 7.52685233769885
sMape_34 = 17.759196411243824
sMape_35 = 5.060190920653239
sMape_36 = 6.321278864993066
sMape_37 = 13.437427187775148
sMape_38 = 7.680437701523703
sMape_39 = 21.619562459053732
sMape_40 = 12.01776896028422
sMape_41 = 15.45518738750771
sMape_42 = 23.10295487681934
sMape_43 = 8.383678116617201
sMape_44 = 4.683920615840219
sMape_45 = 19.020197678199736
sMape_46 = 20.546953608573574
sMape_47 = 6.489959817012476
sMape_48 = 12.090695842908
sMape_49 = 4.041223353171433
sMape_50 = 1.779580495978991
sMape_51 = 6.1822849575580285
sMape_52 = 20.49269822695392
sMape_53 = 0.7221983090917952
sMape_54 = 0.492270072375883
sMape_55 = 0.691296871902768
sMape_56 = 24.35349550597449
sMape_57 = 58.469948833981256
sMape_58 = 36.06619002787663
sMape_59 = 16.24335377560675
sMape_60 = 28.914657906702185
sMape_61 = 47.26029343283846
sMape_62 = 45.05578518510705
sMape_63 = 66.50728107821614
sMape_64 = 35.718806051965295
sMape_65 = 24.71129940488845
sMape_66 = 17.171339202954986
sMape_67 = 14.977972980397602
sMape_68 = 5.954203504081827
sMape_69 = 7.762957314480888
sMape_70 = 8.114735111388894
sMape_71 = 22.040288978698985
sMape_72 = 14.14833348905595
