Mean over all sMapes = 30.993858276012418
sMape_1 = 25.995444954700712
sMape_2 = 27.148812472947544
sMape_3 = 39.837317400389
