Mean over all sMapes = 14.750334982869006
sMape_1 = 14.39841335847572
sMape_2 = 15.873991553538788
sMape_3 = 13.978600036592512
